0000000001.000000 2.42698e-16 -3.13614e-17 -1.18479e-16 1.02805e-17 4.44597e-16 -1.67313e-16 1
0000000002.000000 -0.0151563 0.000612642 0.724243 2.24929e-05 0.000175643 -7.59213e-05 1
0000000003.000000 -0.0317254 -0.00596664 2.22491 0.000749349 -0.00416737 -0.000555404 0.999991
0000000004.000000 -0.0701094 -0.0129176 3.77686 0.000282489 -0.00875574 -0.00203042 0.99996
0000000005.000000 -0.148348 -0.0247353 6.19725 -0.00212176 -0.0141855 -0.00229657 0.999894
0000000006.000000 -0.241713 -0.0290446 8.68804 -0.0021631 -0.0144862 -0.00237612 0.99989
0000000007.000000 -0.331109 -0.0412066 11.2708 -0.00222476 -0.0149411 -0.00245715 0.999883
0000000008.000000 -0.427986 -0.0541717 13.9361 -0.00230741 -0.0155551 -0.00253977 0.999873
0000000009.000000 -0.536254 -0.0606252 16.6446 -0.00231465 -0.0155209 -0.00253546 0.999874
0000000010.000000 -0.594727 -0.0701468 18.4795 -0.00232124 -0.0154848 -0.00253113 0.999874
0000000011.000000 -0.659035 -0.0732634 20.3341 -0.00232698 -0.0154466 -0.00252677 0.999875
0000000012.000000 -0.749461 -0.0860815 23.1512 -0.00233166 -0.0154053 -0.00252237 0.999875
0000000013.000000 -0.832019 -0.110518 25.9993 -0.00233559 -0.0153613 -0.00251794 0.999876
0000000014.000000 -0.892837 -0.107758 27.9563 -0.00635127 -0.0156635 0.000377881 0.999857
0000000015.000000 -0.943744 -0.108848 29.9162 -0.00435741 -0.0169949 0.00530966 0.999832
0000000016.000000 -1.06873 -0.117745 32.873 -0.00435769 -0.016943 0.00531429 0.999833
0000000017.000000 -1.13144 -0.127738 34.8205 -0.00435726 -0.016889 0.00531895 0.999834
0000000018.000000 -1.24749 -0.138167 37.7331 -0.0082964 -0.0174884 0.00153915 0.999811
0000000019.000000 -1.36681 -0.120781 40.7214 -0.00829301 -0.0174266 0.00154415 0.999813
0000000020.000000 -1.44512 -0.119284 42.7007 -0.00828859 -0.0173623 0.00154919 0.999814
0000000021.000000 -1.57367 -0.113558 45.6489 -0.00828252 -0.0172938 0.0015543 0.999815
0000000022.000000 -1.69352 -0.0918654 48.5774 -0.00827438 -0.0172214 0.00155946 0.999816
0000000023.000000 -1.78949 -0.089379 51.4475 -0.00826473 -0.0171456 0.00156467 0.999818
0000000024.000000 -1.88507 -0.0667469 54.298 -0.0133282 -0.0185612 0.00479538 0.999727
0000000025.000000 -2.00448 -0.034332 57.0804 -0.00841681 -0.0201903 0.00232212 0.999758
0000000026.000000 -2.14906 -0.0316475 59.802 -0.00775933 -0.0216689 -0.0021155 0.999733
0000000027.000000 -2.2785 -0.0306385 62.4233 -0.00774285 -0.021577 -0.00211016 0.999735
0000000028.000000 -2.40539 -0.0330152 64.9111 -0.0077252 -0.0214809 -0.00210476 0.999737
0000000029.000000 -2.56652 -0.0249262 68.021 -0.00962528 -0.0240496 -0.0070123 0.99964
0000000030.000000 -2.68368 -0.0305802 70.143 -0.00251114 -0.0255465 -0.00725453 0.999644
0000000031.000000 -2.79091 -0.0604305 72.083 -0.00249124 -0.0254377 -0.00724954 0.999647
0000000032.000000 -2.90252 -0.0912596 74.4644 0.00108622 -0.0208569 -0.00522478 0.999768
0000000033.000000 -2.93897 -0.122634 76.6208 -0.0042983 -0.00626022 -0.00182184 0.99997
0000000034.000000 -2.83955 -0.135905 78.5835 -0.00538075 0.0349312 -0.00447886 0.999365
0000000035.000000 -2.4805 -0.147474 80.364 -0.00753893 0.106119 -0.0042516 0.994316
0000000036.000000 -1.59355 -0.165466 82.2268 -0.00410266 0.240024 -0.00661092 0.970736
0000000037.000000 0.0735634 -0.1922 83.7976 -0.0031709 0.423896 -0.00531894 0.90569
0000000038.000000 2.13779 -0.230302 84.6312 0.00196608 0.567224 -0.00362162 0.823553
0000000039.000000 3.63004 -0.259785 84.9301 0.00403286 0.626612 -0.002286 0.779318
0000000040.000000 5.22564 -0.303496 85.0858 0.0126985 0.664818 -0.00369703 0.746888
0000000041.000000 6.54886 -0.334452 85.1666 0.0126354 0.684415 -0.00571684 0.72896
0000000042.000000 8.00326 -0.382856 85.1871 0.0123212 0.698534 -0.00164442 0.715469
0000000043.000000 9.59578 -0.424328 85.1764 0.0153006 0.706785 0.000182057 0.707263
0000000044.000000 11.3357 -0.470984 85.1394 0.0173625 0.712188 0.00105617 0.701773
0000000045.000000 12.5945 -0.503628 85.1071 0.0173744 0.711963 0.00107049 0.702002
0000000046.000000 14.6176 -0.55879 85.0624 0.0204755 0.712382 0.0050839 0.701475
0000000047.000000 16.7878 -0.614387 85.0361 0.0222331 0.708271 0.00705926 0.705555
0000000048.000000 19.9034 -0.694654 85.0826 0.0191266 0.701604 0.00807613 0.712265
0000000049.000000 22.3236 -0.768828 85.1567 0.0188026 0.698612 0.000882719 0.715253
0000000050.000000 24.7887 -0.851134 85.2484 0.0184444 0.699647 0.00101284 0.71425
0000000051.000000 27.2675 -0.949196 85.3111 0.017944 0.701779 0.00133849 0.712168
0000000052.000000 30.5434 -1.06764 85.3746 0.0132859 0.705802 -0.00251889 0.70828
0000000053.000000 32.9813 -1.14543 85.3571 0.0102378 0.712305 -0.00231498 0.701791
0000000054.000000 35.3977 -1.21642 85.2744 0.011109 0.721387 -0.00228418 0.692439
0000000055.000000 36.9928 -1.27013 85.1755 0.0108962 0.727338 -0.00226567 0.686189
0000000056.000000 38.5474 -1.3196 85.0526 0.0111843 0.734746 -0.00246194 0.678246
0000000057.000000 40.8295 -1.39718 84.8127 0.0125379 0.744916 -0.00299556 0.667034
0000000058.000000 43.0779 -1.47208 84.5221 0.013357 0.754148 -0.00214002 0.656565
0000000059.000000 45.2191 -1.54325 84.1849 0.0146691 0.759617 0.00234678 0.650201
0000000060.000000 46.5902 -1.58825 83.9676 0.0146655 0.759622 0.00236611 0.650195
0000000061.000000 47.8891 -1.628 83.7545 0.0146618 0.759628 0.00238561 0.650188
0000000062.000000 49.7081 -1.70009 83.4938 0.0158365 0.754283 0.00167029 0.656357
0000000063.000000 51.8921 -1.79017 83.3196 0.0158359 0.733205 -0.00155367 0.679822
0000000064.000000 53.9289 -1.87565 83.3877 0.0146807 0.689514 -0.00464477 0.724109
0000000065.000000 55.864 -1.95354 83.8001 0.00583636 0.616633 -0.00402819 0.787219
0000000066.000000 57.263 -1.99126 84.3844 0.00991484 0.540717 -0.00413709 0.841136
0000000067.000000 58.0656 -2.02781 84.9227 0.0136083 0.481964 -0.00655629 0.876061
0000000068.000000 58.757 -2.05184 85.555 0.014869 0.419478 -0.0091355 0.907598
0000000069.000000 59.3521 -2.07955 86.2816 0.0122872 0.356701 -0.00832152 0.934101
0000000070.000000 60.0336 -2.1124 87.5132 0.00256903 0.264292 -0.00602471 0.964421
0000000071.000000 60.7266 -2.14939 89.7183 -0.00380744 0.158267 -0.0144129 0.987284
0000000072.000000 61.4363 -2.16649 92.6704 -0.00235249 0.123533 -0.021505 0.992105
0000000073.000000 62.0029 -2.19395 94.8064 0.00651408 0.128466 -0.0201664 0.991487
0000000074.000000 62.6491 -2.23555 97.1717 -0.00109695 0.137701 -0.0207836 0.990255
0000000075.000000 63.3893 -2.26731 99.6835 0.00192089 0.141141 -0.0145447 0.989881
0000000076.000000 63.9487 -2.29081 101.686 0.00494179 0.138264 -0.0160774 0.990253
0000000077.000000 64.5358 -2.32988 103.829 -0.00166113 0.13539 -0.0164993 0.990654
0000000078.000000 65.1161 -2.3538 106.047 0.00479069 0.130537 -0.0187253 0.991255
0000000079.000000 65.9091 -2.4087 109.152 0.00100025 0.12528 -0.0136164 0.992027
0000000080.000000 66.5203 -2.43817 111.546 0.00100607 0.125296 -0.013597 0.992026
0000000081.000000 67.5457 -2.51793 115.661 0.000913768 0.13026 -0.0254407 0.991153
0000000082.000000 68.2274 -2.56789 118.137 0.00337992 0.13202 -0.0180154 0.991078
0000000083.000000 69.1049 -2.64307 121.459 -0.00383838 0.134848 -0.0226863 0.990599
0000000084.000000 70.0199 -2.72055 124.705 0.0073969 0.134713 -0.0164785 0.99072
0000000085.000000 70.6787 -2.76114 127.146 -0.00754144 0.133099 -0.0148711 0.990963
0000000086.000000 71.5095 -2.82525 130.324 0.00377789 0.129302 -0.0160648 0.991468
0000000087.000000 72.0961 -2.88909 132.722 0.00490819 0.123716 -0.018646 0.99213
0000000088.000000 72.6593 -2.95247 135.096 0.00114281 0.121124 -0.0219041 0.992395
0000000089.000000 73.0381 -2.99193 136.664 0.00114472 0.121141 -0.0218842 0.992393
0000000090.000000 73.4146 -3.01931 138.221 0.00419352 0.115533 -0.0179454 0.993133
0000000091.000000 73.7698 -3.03763 139.791 -0.00216486 0.109039 -0.0162078 0.993903
0000000092.000000 74.239 -3.05893 142.167 -0.00624596 0.10304 -0.0197995 0.994461
0000000093.000000 74.7971 -3.09592 145.311 -0.000941629 0.0893085 -0.0212321 0.995777
0000000094.000000 75.261 -3.13945 148.534 0.00252735 0.0721274 -0.0246369 0.997088
0000000095.000000 75.6364 -3.1692 151.806 -0.00652413 0.0572929 -0.0275802 0.997955
0000000096.000000 75.8684 -3.18846 154.242 0.000300532 0.0509317 -0.0325337 0.998172
0000000097.000000 76.0784 -3.20693 156.74 -0.00664627 0.0466825 -0.0347595 0.998283
0000000098.000000 76.3517 -3.22015 160.006 -0.00088671 0.0360733 -0.026009 0.99901
0000000099.000000 76.5168 -3.22762 163.322 -0.00824009 0.0224122 -0.0196587 0.999522
0000000100.000000 76.6411 -3.24874 167.505 -0.00114933 0.00590159 -0.0082392 0.999948
0000000101.000000 76.5971 -3.24411 170.868 -0.00477085 -0.00197292 -0.0163191 0.999854
0000000102.000000 76.5546 -3.26028 174.251 -0.00477231 -0.00195805 -0.016299 0.999854
0000000103.000000 76.5366 -3.27485 177.62 0.00319252 -0.00505021 -0.0108087 0.999924
0000000104.000000 76.483 -3.31737 181.03 -0.00407709 -0.00786419 -0.00968849 0.999914
0000000105.000000 76.4024 -3.35147 184.402 -0.000530093 -0.00839661 -0.0141766 0.999864
0000000106.000000 76.3267 -3.37683 186.897 -0.00338135 -0.00893172 -0.0193575 0.999767
0000000107.000000 76.2867 -3.39266 188.527 0.00119292 -0.00960526 -0.0197438 0.999758
0000000108.000000 76.243 -3.39994 190.142 -0.00361711 -0.0113129 -0.0203001 0.999723
0000000109.000000 76.1665 -3.41803 193.235 -0.00362139 -0.0113003 -0.02028 0.999724
0000000110.000000 76.1295 -3.45308 195.309 0.0032959 -0.00961396 -0.0167566 0.999808
0000000111.000000 76.0795 -3.49056 198.026 -0.00526009 0.00171407 -0.0215512 0.999752
0000000112.000000 76.1562 -3.53068 201.251 0.00611295 0.0189856 -0.0228366 0.99954
0000000113.000000 76.352 -3.58836 204.482 -0.00127835 0.0299572 -0.0165995 0.999413
0000000114.000000 76.5119 -3.61974 207.738 0.00185885 0.0290411 -0.0241968 0.999284
0000000115.000000 76.6261 -3.65115 210.384 -0.000562669 0.0224944 -0.0245248 0.999446
0000000116.000000 76.7167 -3.65641 213.097 -0.00834601 0.0155609 -0.0199647 0.999645
0000000117.000000 76.8271 -3.65694 216.588 -0.00745477 0.0104369 -0.00604957 0.999899
0000000118.000000 76.9127 -3.65655 219.353 -0.00460222 0.00838615 0.00272577 0.999951
0000000119.000000 76.9422 -3.66558 221.438 -0.00461102 0.00839644 0.00274583 0.99995
0000000120.000000 76.9664 -3.68005 222.792 0.00383068 0.00833128 0.00467719 0.999947
0000000121.000000 76.9883 -3.71058 224.796 0.00382138 0.00834143 0.00469716 0.999947
0000000122.000000 77.0293 -3.74896 226.658 -0.00419375 0.00768731 0.00558441 0.999946
0000000123.000000 77.0074 -3.77852 229.46 -0.000716732 -0.01283 0.0140046 0.999819
0000000124.000000 76.6919 -3.8195 231.924 -0.00308177 -0.0759615 0.0166326 0.996967
0000000125.000000 75.9184 -3.84928 234.041 0.00476904 -0.184788 0.00273765 0.982763
0000000126.000000 74.3401 -3.85933 236.038 -0.00180387 -0.349007 -0.0277463 0.936707
0000000127.000000 72.9577 -3.80778 236.992 -0.0120394 -0.451329 -0.0390056 0.891424
0000000128.000000 71.0451 -3.67734 237.754 -0.011392 -0.574317 -0.0264475 0.818126
0000000129.000000 69.6987 -3.61319 237.997 -0.0126968 -0.631144 -0.026323 0.775115
0000000130.000000 68.2275 -3.54726 238.11 -0.0110488 -0.671327 -0.0251782 0.740651
0000000131.000000 66.667 -3.47843 238.119 -0.00788749 -0.695023 -0.0254128 0.718495
0000000132.000000 64.366 -3.37924 238.1 -0.00412529 -0.707503 -0.0260313 0.706219
0000000133.000000 61.7621 -3.27944 238.078 -0.00412096 -0.707503 -0.0260106 0.706219
0000000134.000000 59.6213 -3.19463 238.076 -0.00411687 -0.707504 -0.0259902 0.706219
0000000135.000000 57.2719 -3.09853 238.067 -0.00411304 -0.707506 -0.0259699 0.706218
0000000136.000000 54.7347 -2.99653 238.064 -0.0041095 -0.707509 -0.02595 0.706215
0000000137.000000 52.084 -2.88997 238.053 -0.00963574 -0.706238 -0.028371 0.707341
0000000138.000000 49.4265 -2.78555 238.046 -0.00963282 -0.706243 -0.0283516 0.707336
0000000139.000000 46.7688 -2.66732 238.039 -0.0155573 -0.708944 -0.0295497 0.704473
0000000140.000000 44.1181 -2.52484 238.003 -0.0178604 -0.711879 -0.0286612 0.70149
0000000141.000000 41.502 -2.39067 237.924 -0.0178582 -0.711887 -0.0286426 0.701482
0000000142.000000 38.8917 -2.26262 237.863 -0.0113601 -0.712944 -0.0299226 0.70049
0000000143.000000 37.1721 -2.18243 237.828 -0.0113584 -0.712954 -0.0299044 0.700481
0000000144.000000 35.4745 -2.10877 237.799 -0.0113568 -0.712965 -0.0298864 0.700471
0000000145.000000 33.7917 -2.03806 237.775 -0.0153298 -0.711698 -0.0280835 0.701756
0000000146.000000 32.1294 -1.96226 237.759 -0.0153287 -0.71171 -0.0280659 0.701745
0000000147.000000 30.4701 -1.88503 237.738 -0.0153277 -0.711723 -0.0280484 0.701733
0000000148.000000 27.9947 -1.76303 237.681 -0.0183875 -0.712239 -0.0324084 0.700947
0000000149.000000 24.7437 -1.57392 237.584 -0.013646 -0.717033 -0.0301256 0.696255
0000000150.000000 22.3547 -1.4564 237.468 -0.0124093 -0.721816 -0.0326166 0.691204
0000000151.000000 20.7713 -1.37503 237.371 -0.0112557 -0.724734 -0.0367762 0.687954
0000000152.000000 18.466 -1.25053 237.203 -0.00579577 -0.726925 -0.0408116 0.685478
0000000153.000000 16.25 -1.13607 237.052 -0.00579572 -0.726943 -0.0407953 0.68546
0000000154.000000 13.4644 -0.996259 236.877 -0.00407121 -0.725241 -0.0442501 0.687059
0000000155.000000 11.556 -0.90159 236.765 -0.00269604 -0.722157 -0.0443463 0.690301
0000000156.000000 10.351 -0.840277 236.715 -0.00269662 -0.722177 -0.0443305 0.690281
0000000157.000000 9.19913 -0.778204 236.669 -0.00269731 -0.722198 -0.0443149 0.69026
0000000158.000000 8.12319 -0.727078 236.632 -0.00269811 -0.722219 -0.0442993 0.690239
0000000159.000000 7.11849 -0.67599 236.6 -0.00351256 -0.719194 -0.0440043 0.693406
0000000160.000000 4.88781 -0.562641 236.555 -0.00597933 -0.710686 -0.0448335 0.702054
0000000161.000000 2.23358 -0.422387 236.633 -0.00710891 -0.695577 -0.0412142 0.717233
0000000162.000000 -0.381356 -0.319832 236.834 0.00487101 -0.668976 -0.0275185 0.742758
0000000163.000000 -2.39609 -0.286864 237.44 -0.00192559 -0.585884 -0.0265019 0.809959
0000000164.000000 -4.05809 -0.253185 238.536 -0.00564127 -0.458178 -0.0324266 0.888251
0000000165.000000 -5.03992 -0.232648 239.719 0.00330675 -0.344848 -0.0286197 0.938216
0000000166.000000 -5.79564 -0.236696 241.317 0.00362696 -0.222289 -0.0233128 0.974695
0000000167.000000 -6.17088 -0.25462 242.745 0.00788215 -0.141926 -0.0199004 0.989646
0000000168.000000 -6.39703 -0.29057 244.381 0.00924453 -0.0784312 -0.0190116 0.996695
0000000169.000000 -6.53049 -0.330723 246.177 0.00891419 -0.0382314 -0.0154572 0.99911
0000000170.000000 -6.62421 -0.391057 248.814 0.00993028 -0.0147949 -0.0140804 0.999742
0000000171.000000 -6.65876 -0.447737 250.941 0.0108187 -0.00820777 -0.0130053 0.999823
0000000172.000000 -6.68534 -0.484889 252.462 0.0108038 -0.00824727 -0.0129978 0.999823
0000000173.000000 -6.73564 -0.551199 254.804 0.0107885 -0.00828703 -0.0129904 0.999823
0000000174.000000 -6.77707 -0.600176 256.441 0.015589 -0.0099437 -0.0133273 0.99974
0000000175.000000 -6.8552 -0.671126 259.004 0.0155732 -0.00998394 -0.0133197 0.99974
0000000176.000000 -6.91765 -0.765419 261.684 0.00907435 -0.0099465 -0.00992289 0.99986
0000000177.000000 -6.98055 -0.848453 264.455 0.0185068 -0.0123046 -0.00767826 0.999724
0000000178.000000 -7.0592 -0.975248 267.355 0.0184896 -0.0123457 -0.00767047 0.999723
0000000179.000000 -7.14374 -1.09796 270.341 0.013878 -0.0116742 -0.00693631 0.999811
0000000180.000000 -7.19757 -1.17243 272.363 0.0138601 -0.011716 -0.00692875 0.999811
0000000181.000000 -7.23327 -1.24021 274.417 0.0138419 -0.0117579 -0.0069212 0.999811
0000000182.000000 -7.29719 -1.31304 276.495 0.0138234 -0.0118001 -0.00691365 0.999811
0000000183.000000 -7.34854 -1.40163 278.583 0.017442 -0.0139532 -0.00496711 0.999738
0000000184.000000 -7.42907 -1.49901 280.68 0.0174229 -0.0139958 -0.0049594 0.999738
0000000185.000000 -7.4998 -1.59129 282.787 0.0174034 -0.0140387 -0.0049517 0.999738
0000000186.000000 -7.58605 -1.67809 284.889 0.0132686 -0.015242 -0.00676138 0.999773
0000000187.000000 -7.66355 -1.76108 286.993 0.0132487 -0.0152855 -0.00675386 0.999773
0000000188.000000 -7.72757 -1.85477 289.056 0.0132285 -0.0153292 -0.00674635 0.999772
0000000189.000000 -7.83568 -1.97952 292.134 0.0132079 -0.0153733 -0.00673886 0.999772
0000000190.000000 -7.95032 -2.08924 295.205 0.0131869 -0.0154178 -0.00673139 0.999772
0000000191.000000 -8.03022 -2.16336 297.269 0.0085046 -0.017063 -0.00888355 0.999779
0000000192.000000 -8.11842 -2.2319 299.308 0.00842577 -0.0184658 -0.00903085 0.999753
0000000193.000000 -8.2233 -2.28322 301.34 0.0125243 -0.0183975 -0.0118154 0.999682
0000000194.000000 -8.35624 -2.39813 304.37 0.0129832 -0.0174941 -0.0118936 0.999692
0000000195.000000 -8.44159 -2.46592 306.406 0.0136552 -0.01564 -0.0119469 0.999713
0000000196.000000 -8.51996 -2.54376 308.472 0.0145614 -0.0128183 -0.0119717 0.99974
0000000197.000000 -8.56685 -2.62412 310.491 0.0167394 -0.00614263 -0.011726 0.999772
0000000198.000000 -8.59531 -2.71131 312.527 0.0176286 -0.00333705 -0.0115897 0.999772
0000000199.000000 -8.61021 -2.81186 314.596 0.0171179 -0.00448872 -0.0115804 0.999776
0000000200.000000 -8.63199 -2.90812 316.686 0.0152307 -0.0096169 -0.0116933 0.999769
0000000201.000000 -8.67008 -2.98937 318.796 0.0120435 -0.0188244 -0.0119109 0.999679
0000000202.000000 -8.77244 -3.06508 320.998 0.0120103 -0.0197205 -0.0116531 0.999665
0000000203.000000 -8.87199 -3.14267 323.181 0.0122205 -0.0195732 -0.0113639 0.999669
0000000204.000000 -8.9614 -3.22821 325.356 0.0127424 -0.018284 -0.0110375 0.999691
0000000205.000000 -9.04762 -3.30868 327.516 0.0134855 -0.0158937 -0.0106796 0.999726
0000000206.000000 -9.12236 -3.38999 329.665 0.0144142 -0.0123991 -0.010292 0.999766
0000000207.000000 -9.17251 -3.47604 331.71 0.0129993 -0.0116053 -0.0102029 0.999796
0000000208.000000 -9.22393 -3.55201 333.743 0.0124775 -0.0110777 -0.0101071 0.99981
0000000209.000000 -9.27451 -3.62518 335.743 0.0128082 -0.0107923 -0.010004 0.99981
0000000210.000000 -9.35284 -3.74313 338.712 0.0107032 -0.0123399 -0.00714339 0.999841
0000000211.000000 -9.43796 -3.85493 341.591 0.0134042 -0.0125933 -0.00701475 0.999806
0000000212.000000 -9.52085 -3.96869 344.413 0.0119756 -0.0135392 -0.00689167 0.999813
0000000213.000000 -9.62431 -4.07644 347.15 0.0109864 -0.0144436 -0.00675655 0.999812
0000000214.000000 -9.70635 -4.17497 349.746 0.0104134 -0.0152697 -0.00661225 0.999807
0000000215.000000 -9.77061 -4.26642 352.179 0.0102307 -0.0159914 -0.00646108 0.999799
0000000216.000000 -9.81182 -4.32262 353.687 0.010288 -0.0166475 -0.00630578 0.999789
0000000217.000000 -9.86401 -4.41283 355.745 0.0113724 -0.0178605 -0.00674786 0.999753
0000000218.000000 -9.93694 -4.49198 357.64 0.0120629 -0.0186933 -0.00718558 0.999727
0000000219.000000 -10.0404 -4.58086 359.858 0.012294 -0.019078 -0.0076223 0.999713
0000000220.000000 -10.1867 -4.66694 361.743 0.0155457 -0.0400693 -0.00935913 0.999032
0000000221.000000 -10.5393 -4.74092 363.472 0.0114591 -0.0872289 -0.0140549 0.996023
0000000222.000000 -11.1252 -4.77811 365.032 0.00609447 -0.166878 -0.0185251 0.985785
0000000223.000000 -11.9411 -4.7832 366.38 -0.00458198 -0.257596 -0.0276138 0.965847
0000000224.000000 -13.0599 -4.73508 367.618 -0.0171959 -0.367213 -0.0314568 0.929446
0000000225.000000 -15.0424 -4.58217 368.889 -0.025744 -0.515987 -0.0208172 0.855957
0000000226.000000 -16.5282 -4.47621 369.328 -0.027068 -0.603452 -0.0125073 0.796842
0000000227.000000 -18.1788 -4.36612 369.421 -0.0281221 -0.67397 -0.0241503 0.737828
0000000228.000000 -19.9148 -4.22867 369.342 -0.0236013 -0.71769 -0.0327527 0.695192
0000000229.000000 -21.7375 -4.09415 369.154 -0.0182801 -0.734019 -0.0341672 0.678022
0000000230.000000 -23.6304 -3.9692 368.962 -0.00803957 -0.736892 -0.0240155 0.675536
0000000231.000000 -25.6548 -3.88026 368.795 -0.0133529 -0.735634 -0.0263447 0.676735
0000000232.000000 -27.7804 -3.77549 368.601 -0.00862815 -0.733445 -0.0293283 0.679061
0000000233.000000 -29.2675 -3.70143 368.492 -0.00672438 -0.73005 -0.0311258 0.682651
0000000234.000000 -30.8192 -3.61912 368.392 -0.00787774 -0.726552 -0.0355418 0.686146
0000000235.000000 -32.4386 -3.53067 368.297 -0.00869821 -0.726061 -0.0360734 0.686628
0000000236.000000 -35.004 -3.36828 368.173 -0.0118104 -0.721984 -0.0363469 0.690853
0000000237.000000 -37.7241 -3.18402 368.066 -0.0170363 -0.71925 -0.0392036 0.693435
0000000238.000000 -40.5063 -2.99809 367.964 -0.0132193 -0.717931 -0.0370818 0.695
0000000239.000000 -43.3211 -2.8252 367.867 -0.0137245 -0.718247 -0.0374941 0.694641
0000000240.000000 -45.2166 -2.71248 367.788 -0.0143103 -0.718621 -0.0379882 0.694216
0000000241.000000 -47.0283 -2.60014 367.709 -0.0140274 -0.71887 -0.0378206 0.693973
0000000242.000000 -48.8358 -2.48911 367.638 -0.0137653 -0.719105 -0.0376754 0.693743
0000000243.000000 -50.6327 -2.38108 367.561 -0.0135313 -0.7193 -0.0375615 0.693551
0000000244.000000 -52.4371 -2.2609 367.466 -0.0151848 -0.721951 -0.0401824 0.69061
0000000245.000000 -54.2302 -2.14369 367.359 -0.0129009 -0.724309 -0.0425958 0.688037
0000000246.000000 -56.0009 -2.02841 367.247 -0.012654 -0.724117 -0.0424927 0.68825
0000000247.000000 -58.6906 -1.84644 367.093 -0.0133793 -0.723213 -0.0430476 0.689152
0000000248.000000 -61.3413 -1.66294 366.944 -0.0137193 -0.722602 -0.0431742 0.689779
0000000249.000000 -63.1081 -1.53842 366.856 -0.0138003 -0.722197 -0.0430152 0.690211
0000000250.000000 -65.7641 -1.3517 366.751 -0.0142725 -0.716842 -0.0440701 0.695695
0000000251.000000 -68.3894 -1.17145 366.693 -0.0128351 -0.711791 -0.04178 0.70103
0000000252.000000 -70.9705 -1.00316 366.688 -0.0106984 -0.707706 -0.0403717 0.705272
0000000253.000000 -73.5599 -0.848416 366.693 -0.0119211 -0.703389 -0.0419699 0.709465
0000000254.000000 -76.0756 -0.69761 366.725 -0.0142954 -0.700331 -0.0398221 0.712563
0000000255.000000 -78.4255 -0.563619 366.77 -0.0150608 -0.700216 -0.0407756 0.712607
0000000256.000000 -80.5973 -0.435177 366.803 -0.018035 -0.70093 -0.038425 0.711966
0000000257.000000 -82.5822 -0.310004 366.806 -0.022891 -0.705656 -0.0387818 0.707122
0000000258.000000 -85.0114 -0.138248 366.766 -0.0226982 -0.715095 -0.0364532 0.697707
0000000259.000000 -87.9636 0.0659312 366.573 -0.0194891 -0.726626 -0.0335802 0.685936
0000000260.000000 -90.9361 0.256774 366.33 -0.0150283 -0.735755 -0.0305933 0.67639
0000000261.000000 -94.0392 0.425339 365.992 -0.0106948 -0.739929 -0.0324081 0.671818
0000000262.000000 -96.6879 0.585974 365.719 -0.0133879 -0.739641 -0.0371328 0.671843
0000000263.000000 -98.8416 0.753736 365.522 -0.019345 -0.737567 -0.0490482 0.673213
0000000264.000000 -100.314 0.866328 365.382 -0.00858291 -0.735793 -0.0424488 0.67582
0000000265.000000 -101.858 1.0061 365.258 -0.0106012 -0.733873 -0.0448676 0.67772
0000000266.000000 -103.451 1.12752 365.14 -0.0189928 -0.731096 -0.0524829 0.679988
0000000267.000000 -105.893 1.33482 364.972 -0.00474678 -0.728364 -0.039569 0.68403
0000000268.000000 -107.621 1.44978 364.843 -0.00541498 -0.724327 -0.0489996 0.687692
0000000269.000000 -109.398 1.56791 364.753 -0.00120592 -0.719351 -0.0488751 0.692924
0000000270.000000 -111.216 1.67285 364.707 0.00312306 -0.714073 -0.0374187 0.699063
0000000271.000000 -113.114 1.77699 364.703 -0.00543357 -0.708434 -0.0410262 0.704563
0000000272.000000 -115.045 1.89665 364.713 -0.0110612 -0.703731 -0.0437038 0.709034
0000000273.000000 -117.001 2.02861 364.74 -0.00932515 -0.701708 -0.0401962 0.711268
0000000274.000000 -118.984 2.15834 364.771 -0.00932515 -0.701708 -0.0401962 0.711268
