0000000001.000000 -91.433 0.541616 219.764 0.00816681 0.290113 0.0120136 0.956882
0000000002.000000 -90.7983 0.513203 221.157 0.00834917 0.220834 0.00841391 0.975239
0000000003.000000 -90.1412 0.45696 223.569 0.000281963 0.135844 -0.00927325 0.990687
0000000004.000000 -89.4655 0.406256 226.561 0.000959272 0.117509 -0.0175754 0.992916
0000000005.000000 -88.576 0.346769 229.358 -0.00323105 0.175062 -0.0115374 0.984484
0000000006.000000 -86.946 0.30572 231.7 0.00296558 0.345973 -0.00758972 0.938209
0000000007.000000 -85.3357 0.271047 232.728 0.0030028 0.481932 0.005756 0.876184
0000000008.000000 -84.312 0.278519 233.124 0.00340427 0.54593 0.00374254 0.837815
0000000009.000000 -82.7675 0.267926 233.501 -0.000149626 0.614281 0.00655879 0.78906
0000000010.000000 -81.0384 0.256555 233.714 0.00512528 0.655698 0.00538403 0.754986
0000000011.000000 -79.0482 0.239361 233.885 0.0089849 0.678695 0.00080261 0.734365
0000000012.000000 -77.3691 0.218579 233.965 0.010525 0.686885 0.00562724 0.726668
0000000013.000000 -75.5533 0.195351 234.065 0.010525 0.686885 0.00562724 0.726668
0000000014.000000 -72.901 0.165034 234.21 0.0116652 0.689736 0.00311885 0.72396
0000000015.000000 -69.9957 0.119448 234.343 0.0112853 0.693179 0.00101795 0.720676
0000000016.000000 -67.6796 0.0670155 234.427 0.0112853 0.693179 0.00101795 0.720676
0000000017.000000 -64.4829 -0.00744059 234.524 0.0128402 0.69613 0.00307859 0.717794
0000000018.000000 -62.8488 -0.0520066 234.577 0.0128402 0.69613 0.00307859 0.717794
0000000019.000000 -60.3285 -0.113577 234.66 0.0137446 0.698017 -0.00107166 0.715948
0000000020.000000 -57.7257 -0.186095 234.733 0.0137446 0.698017 -0.00107166 0.715948
0000000021.000000 -55.0904 -0.263704 234.808 0.0153035 0.694653 0.00295615 0.719176
0000000022.000000 -52.4576 -0.351944 234.931 0.0167749 0.691648 0.000371519 0.722039
0000000023.000000 -50.7064 -0.417741 235.014 0.0167749 0.691648 0.000371519 0.722039
0000000024.000000 -48.9549 -0.47679 235.104 0.0167749 0.691648 0.000371519 0.722039
0000000025.000000 -46.3481 -0.561513 235.233 0.0144854 0.689665 0.00480629 0.723968
0000000026.000000 -43.8064 -0.648487 235.374 0.0216788 0.688617 -0.00178178 0.724799
0000000027.000000 -41.271 -0.74522 235.502 0.0150849 0.689118 0.00488538 0.724476
0000000028.000000 -38.7887 -0.82748 235.626 0.0205203 0.688595 0.00459293 0.724842
0000000029.000000 -37.1396 -0.88979 235.722 0.0205203 0.688595 0.00459293 0.724842
0000000030.000000 -34.7422 -0.98302 235.847 0.0205203 0.688595 0.00459293 0.724842
0000000031.000000 -31.5856 -1.09542 236.03 0.0205203 0.688595 0.00459293 0.724842
0000000032.000000 -28.5773 -1.21339 236.214 0.0205203 0.688595 0.00459293 0.724842
0000000033.000000 -25.7573 -1.32512 236.394 0.0178775 0.688083 -0.00076309 0.725411
0000000034.000000 -23.6963 -1.40335 236.515 0.0178775 0.688083 -0.00076309 0.725411
0000000035.000000 -21.6894 -1.48651 236.609 0.0178775 0.688083 -0.00076309 0.725411
0000000036.000000 -19.8083 -1.5719 236.705 0.0197871 0.690572 -0.00296482 0.722987
0000000037.000000 -17.5545 -1.67784 236.791 0.0177463 0.6968 -0.00257679 0.717041
0000000038.000000 -15.1481 -1.7955 236.786 0.0170672 0.710601 -0.00156429 0.703386
0000000039.000000 -13.1598 -1.87702 236.682 0.0163635 0.727609 -0.000182206 0.685797
0000000040.000000 -11.1109 -1.96349 236.392 0.0201458 0.755658 0.00766935 0.654611
0000000041.000000 -9.27819 -2.01996 235.842 0.0253023 0.804371 0.00811545 0.593533
0000000042.000000 -7.50324 -2.07345 234.866 0.0280821 0.872586 0.00291618 0.487643
0000000043.000000 -6.48018 -2.10463 233.94 0.022744 0.915295 0.00068913 0.402142
0000000044.000000 -5.76336 -2.11053 232.948 0.0243934 0.945174 0.00091127 0.325654
0000000045.000000 -5.34377 -2.11394 232.166 0.025549 0.962846 -0.000754625 0.268839
0000000046.000000 -4.84316 -2.1326 230.805 0.0253943 0.982876 0.000540586 0.182507
0000000047.000000 -4.57502 -2.12614 229.217 0.0291912 0.99365 0.00488231 0.108554
0000000048.000000 -4.37828 -2.10674 227.4 0.0286227 0.997962 0.0094231 0.0562532
0000000049.000000 -4.26058 -2.07551 225.414 0.0288907 0.999195 0.00974961 0.0260622
0000000050.000000 -4.22039 -2.01844 222.42 0.0310137 0.999439 0.0125366 0.00133051
0000000051.000000 -4.24179 -1.96681 219.969 0.0321971 0.999383 0.0132884 -0.00451246
0000000052.000000 -4.26035 -1.92775 218.261 0.0321971 0.999383 0.0132884 -0.00451246
0000000053.000000 -4.26907 -1.86416 215.562 0.0321971 0.999383 0.0132884 -0.00451246
0000000054.000000 -4.28044 -1.82633 213.668 0.0321971 0.999383 0.0132884 -0.00451246
0000000055.000000 -4.28875 -1.78704 211.706 0.0321971 0.999383 0.0132884 -0.00451246
0000000056.000000 -4.28693 -1.74679 209.693 0.0321971 0.999383 0.0132884 -0.00451246
0000000057.000000 -4.27773 -1.70001 207.629 0.0321971 0.999383 0.0132884 -0.00451246
0000000058.000000 -4.27371 -1.66236 205.519 0.0321971 0.999383 0.0132884 -0.00451246
0000000059.000000 -4.27715 -1.61585 203.348 0.0321971 0.999383 0.0132884 -0.00451246
0000000060.000000 -4.28847 -1.57177 201.138 0.0321971 0.999383 0.0132884 -0.00451246
0000000061.000000 -4.29767 -1.53308 198.901 0.0321971 0.999383 0.0132884 -0.00451246
0000000062.000000 -4.30287 -1.49419 196.64 0.0321971 0.999383 0.0132884 -0.00451246
0000000063.000000 -4.32186 -1.45268 194.367 0.0321971 0.999383 0.0132884 -0.00451246
0000000064.000000 -4.34387 -1.41113 192.058 0.0321971 0.999383 0.0132884 -0.00451246
0000000065.000000 -4.35267 -1.37483 189.748 0.0321971 0.999383 0.0132884 -0.00451246
0000000066.000000 -4.36772 -1.3305 187.407 0.0321971 0.999383 0.0132884 -0.00451246
0000000067.000000 -4.38004 -1.29238 185.056 0.0321971 0.999383 0.0132884 -0.00451246
0000000068.000000 -4.40909 -1.25268 182.68 0.0321971 0.999383 0.0132884 -0.00451246
0000000069.000000 -4.4283 -1.20506 180.27 0.0321971 0.999383 0.0132884 -0.00451246
0000000070.000000 -4.44834 -1.15784 177.842 0.0321971 0.999383 0.0132884 -0.00451246
0000000071.000000 -4.48179 -1.11789 175.389 0.0321971 0.999383 0.0132884 -0.00451246
0000000072.000000 -4.51236 -1.08141 172.9 0.0321971 0.999383 0.0132884 -0.00451246
0000000073.000000 -4.54056 -1.04073 170.394 0.0321971 0.999383 0.0132884 -0.00451246
0000000074.000000 -4.55794 -0.992252 167.835 0.0321971 0.999383 0.0132884 -0.00451246
0000000075.000000 -4.5694 -0.949442 165.282 0.0321971 0.999383 0.0132884 -0.00451246
0000000076.000000 -4.59157 -0.912391 162.722 0.0321971 0.999383 0.0132884 -0.00451246
0000000077.000000 -4.61345 -0.869007 160.133 0.0321971 0.999383 0.0132884 -0.00451246
0000000078.000000 -4.63463 -0.823395 157.544 0.0321971 0.999383 0.0132884 -0.00451246
0000000079.000000 -4.64215 -0.784352 154.953 0.0321971 0.999383 0.0132884 -0.00451246
0000000080.000000 -4.66218 -0.740902 152.347 0.0321971 0.999383 0.0132884 -0.00451246
0000000081.000000 -4.68555 -0.704701 149.719 0.0321971 0.999383 0.0132884 -0.00451246
0000000082.000000 -4.69814 -0.670641 147.109 0.0321971 0.999383 0.0132884 -0.00451246
0000000083.000000 -4.71375 -0.634322 144.503 0.0321971 0.999383 0.0132884 -0.00451246
0000000084.000000 -4.72596 -0.601933 141.92 0.0321971 0.999383 0.0132884 -0.00451246
0000000085.000000 -4.73871 -0.56793 139.335 0.0321971 0.999383 0.0132884 -0.00451246
0000000086.000000 -4.74282 -0.535405 136.773 0.0321971 0.999383 0.0132884 -0.00451246
0000000087.000000 -4.75515 -0.490799 134.228 0.0321971 0.999383 0.0132884 -0.00451246
0000000088.000000 -4.76816 -0.454951 131.674 0.0321971 0.999383 0.0132884 -0.00451246
0000000089.000000 -4.78181 -0.424938 129.129 0.0321971 0.999383 0.0132884 -0.00451246
0000000090.000000 -4.80247 -0.393132 126.602 0.0321971 0.999383 0.0132884 -0.00451246
0000000091.000000 -4.81932 -0.362835 124.105 0.0321971 0.999383 0.0132884 -0.00451246
0000000092.000000 -4.83117 -0.335858 121.631 0.0321971 0.999383 0.0132884 -0.00451246
0000000093.000000 -4.84212 -0.317857 119.214 0.0321971 0.999383 0.0132884 -0.00451246
0000000094.000000 -4.86129 -0.297871 116.862 0.0321971 0.999383 0.0132884 -0.00451246
0000000095.000000 -4.89042 -0.271204 113.443 0.0321971 0.999383 0.0132884 -0.00451246
0000000096.000000 -4.90821 -0.26161 111.28 0.0321971 0.999383 0.0132884 -0.00451246
0000000097.000000 -4.95121 -0.237546 108.168 0.0321971 0.999383 0.0132884 -0.00451246
0000000098.000000 -4.96998 -0.219518 106.184 0.0321971 0.999383 0.0132884 -0.00451246
0000000099.000000 -4.98059 -0.206454 104.311 0.0321971 0.999383 0.0132884 -0.00451246
0000000100.000000 -4.9999 -0.190466 101.699 0.0321971 0.999383 0.0132884 -0.00451246
0000000101.000000 -5.00807 -0.179755 100.083 0.0321971 0.999383 0.0132884 -0.00451246
0000000102.000000 -5.03123 -0.166029 97.8224 0.0374859 0.999203 0.0136056 0.00154012
0000000103.000000 -4.99533 -0.15859 96.4261 0.040906 0.998935 0.0139226 0.0161795
0000000104.000000 -4.70751 -0.157338 93.9288 0.0438673 0.996386 0.0129285 0.0715801
0000000105.000000 -4.26216 -0.17036 92.257 0.0382068 0.990695 0.0107669 0.130186
0000000106.000000 -3.59748 -0.186837 90.7643 0.0278346 0.979373 0.00974507 0.199895
0000000107.000000 -2.41699 -0.199267 89.0213 0.0131745 0.952275 0.0105552 0.304773
0000000108.000000 -0.93584 -0.211739 87.6037 0.0125023 0.908461 0.0108846 0.417642
0000000109.000000 0.394531 -0.212504 86.846 0.0107427 0.867227 0.0088995 0.497718
0000000110.000000 2.33074 -0.245432 86.2166 0.0110267 0.807237 0.00462301 0.590106
0000000111.000000 3.84847 -0.264722 85.9874 0.00668376 0.769903 -0.000275707 0.638126
0000000112.000000 5.40486 -0.316041 85.8311 0.0107275 0.746578 -0.00366745 0.665202
0000000113.000000 7.04139 -0.351119 85.7 0.0140662 0.734682 -0.0042051 0.678253
0000000114.000000 8.76916 -0.401226 85.5904 0.0115125 0.730416 -0.00159892 0.682904
0000000115.000000 10.6232 -0.449491 85.4615 0.0155068 0.729857 0.000629981 0.683424
0000000116.000000 11.9339 -0.481525 85.373 0.0155068 0.729857 0.000629981 0.683424
0000000117.000000 14.011 -0.532238 85.2237 0.0190467 0.729005 0.00445358 0.684229
0000000118.000000 16.2393 -0.583472 85.0848 0.0228915 0.724419 0.00803334 0.688933
0000000119.000000 18.5865 -0.635192 85.0168 0.0245853 0.715874 0.0115926 0.697701
0000000120.000000 21.0504 -0.688393 85.0448 0.0225393 0.704777 0.00946649 0.709008
0000000121.000000 23.62 -0.763138 85.1386 0.0217775 0.694249 0.000879821 0.719405
0000000122.000000 26.2206 -0.8662 85.286 0.0155243 0.691685 -0.00236387 0.722029
0000000123.000000 28.7897 -0.965034 85.3912 0.0126689 0.696208 -0.00717901 0.717693
0000000124.000000 31.353 -1.07044 85.4234 0.0099916 0.70706 -0.00777703 0.70704
0000000125.000000 33.884 -1.16658 85.364 0.0113595 0.720108 -0.00680269 0.693736
0000000126.000000 35.563 -1.22571 85.2719 0.0124988 0.729447 -0.00499864 0.683905
0000000127.000000 37.2254 -1.28187 85.1361 0.0131554 0.738296 -0.00258579 0.674343
0000000128.000000 38.8985 -1.34049 84.9581 0.0149792 0.742648 -0.00210384 0.669511
0000000129.000000 40.5745 -1.39744 84.7731 0.0149792 0.742648 -0.00210384 0.669511
0000000130.000000 42.2965 -1.4519 84.5966 0.0149792 0.742648 -0.00210384 0.669511
0000000131.000000 44.9318 -1.52401 84.3583 0.0149792 0.742648 -0.00210384 0.669511
0000000132.000000 46.7194 -1.58228 84.1952 0.0149792 0.742648 -0.00210384 0.669511
0000000133.000000 48.4984 -1.63982 84.0136 0.0149792 0.742648 -0.00210384 0.669511
0000000134.000000 51.1579 -1.73654 83.7347 0.00998314 0.749556 -0.00805722 0.661817
0000000135.000000 53.7896 -1.84066 83.3528 0.00979149 0.765522 -0.0140426 0.643181
0000000136.000000 55.5417 -1.91032 82.983 0.00909901 0.778472 -0.00935898 0.627544
0000000137.000000 58.0913 -2.01104 82.2998 0.0133051 0.798204 -0.00581454 0.602212
0000000138.000000 59.7491 -2.08141 81.7607 0.0152538 0.810183 -0.00203584 0.585975
0000000139.000000 62.1821 -2.15932 80.8424 0.0186291 0.823176 0.00145984 0.567479
0000000140.000000 63.819 -2.18811 80.1896 0.0128725 0.828103 0.0103785 0.560333
0000000141.000000 66.2861 -2.21562 79.1914 0.019099 0.830122 0.00544912 0.557229
0000000142.000000 68.7651 -2.28779 78.1857 0.019099 0.830122 0.00544912 0.557229
0000000143.000000 70.4546 -2.31753 77.4799 0.0166427 0.832068 0.00977126 0.554338
0000000144.000000 72.1568 -2.34107 76.7531 0.0159387 0.836471 0.0106046 0.547677
0000000145.000000 73.851 -2.3586 75.9755 0.0178671 0.843681 0.00888692 0.536474
0000000146.000000 75.5473 -2.3897 75.1273 0.0195813 0.851638 0.00625022 0.523727
0000000147.000000 78.0808 -2.45298 73.7623 0.0239044 0.86025 0.00283759 0.509303
0000000148.000000 79.8021 -2.49639 72.8073 0.0227125 0.862298 0.00668833 0.505848
0000000149.000000 81.527 -2.536 71.8371 0.0227125 0.862298 0.00668833 0.505848
0000000150.000000 83.2555 -2.57921 70.872 0.0227125 0.862298 0.00668833 0.505848
0000000151.000000 84.9664 -2.62448 69.9326 0.0227125 0.862298 0.00668833 0.505848
0000000152.000000 86.6867 -2.67576 68.9813 0.0189788 0.865643 0.00465089 0.50028
0000000153.000000 89.1713 -2.73512 67.4999 0.0139921 0.874016 0.00622795 0.485655
0000000154.000000 91.5562 -2.78563 65.9317 0.0119301 0.8841 0.0057214 0.467111
0000000155.000000 93.8514 -2.8374 64.2657 0.0119699 0.894551 0.00335422 0.446793
0000000156.000000 95.3229 -2.87071 63.1076 0.0115452 0.901154 0.00512908 0.433315
0000000157.000000 96.739 -2.89658 61.9173 0.0132867 0.906955 0.00622665 0.420972
0000000158.000000 98.1176 -2.91768 60.7043 0.0168081 0.910693 0.00800862 0.412665
0000000159.000000 99.4641 -2.9422 59.5048 0.0190189 0.912381 0.00928915 0.408796
0000000160.000000 100.778 -2.9655 58.3298 0.0190189 0.912381 0.00928915 0.408796
0000000161.000000 102.056 -2.98323 57.2164 0.0190189 0.912381 0.00928915 0.408796
0000000162.000000 103.261 -3.01023 56.1698 0.0204783 0.90967 0.0100932 0.414703
0000000163.000000 104.422 -3.0392 55.2022 0.0200661 0.907061 0.0104543 0.420391
0000000164.000000 106.047 -3.06962 53.8665 0.020133 0.904338 0.00982077 0.426229
0000000165.000000 108.139 -3.12548 52.1175 0.0258608 0.906439 0.00522859 0.421512
0000000166.000000 110.165 -3.16861 50.3678 0.0188081 0.911103 0.0137653 0.411519
0000000167.000000 112.176 -3.18512 48.5854 0.0185001 0.913953 0.00573976 0.405358
0000000168.000000 113.737 -3.21606 47.1732 0.0185001 0.913953 0.00573976 0.405358
0000000169.000000 115.375 -3.22382 45.7086 0.0161852 0.911091 0.0141897 0.411644
0000000170.000000 117.105 -3.21944 44.2803 0.0134457 0.905806 0.011167 0.423332
0000000171.000000 118.33 -3.22737 43.3255 0.00731256 0.902794 0.00855299 0.429925
0000000172.000000 119.583 -3.22661 42.3672 0.00222841 0.901253 -0.00206587 0.433284
0000000173.000000 120.871 -3.24468 41.3854 -0.00125107 0.900244 -0.0056661 0.435348
0000000174.000000 122.197 -3.26443 40.3523 -0.00125107 0.900244 -0.0056661 0.435348
0000000175.000000 123.559 -3.29225 39.2767 -0.00125107 0.900244 -0.0056661 0.435348
0000000176.000000 124.956 -3.32333 38.1855 -0.00125107 0.900244 -0.0056661 0.435348
0000000177.000000 126.362 -3.3469 37.0444 -0.00125107 0.900244 -0.0056661 0.435348
0000000178.000000 127.838 -3.37431 35.898 -0.00125107 0.900244 -0.0056661 0.435348
0000000179.000000 130.089 -3.42227 34.1209 -0.00479063 0.90138 -0.0022606 0.432996
0000000180.000000 133.122 -3.44645 31.7198 -0.0103372 0.901954 -0.00381731 0.431691
0000000181.000000 134.637 -3.46526 30.5323 -0.0103372 0.901954 -0.00381731 0.431691
0000000182.000000 136.907 -3.50092 28.7224 -0.00305177 0.899636 -0.000578185 0.436629
0000000183.000000 138.426 -3.51487 27.5216 0.00564289 0.898177 0.00255355 0.439589
0000000184.000000 139.932 -3.53999 26.3757 0.00564289 0.898177 0.00255355 0.439589
0000000185.000000 141.438 -3.56345 25.2193 0.00044003 0.898638 0.00458462 0.438666
0000000186.000000 142.944 -3.57117 24.0552 0.00044003 0.898638 0.00458462 0.438666
0000000187.000000 144.423 -3.58031 22.9219 0.00044003 0.898638 0.00458462 0.438666
0000000188.000000 145.902 -3.59359 21.7805 0.00142394 0.899653 -0.00161235 0.436601
0000000189.000000 147.378 -3.61325 20.6227 0.00238362 0.90011 0.00302235 0.435647
0000000190.000000 148.834 -3.62414 19.4782 0.00238362 0.90011 0.00302235 0.435647
0000000191.000000 150.263 -3.64167 18.3573 0.00343039 0.899611 -0.0024268 0.436673
0000000192.000000 151.677 -3.67521 17.2632 0.00343039 0.899611 -0.0024268 0.436673
0000000193.000000 153.714 -3.73358 15.6619 0.00343039 0.899611 -0.0024268 0.436673
0000000194.000000 155.624 -3.79542 14.1384 0.0083807 0.90229 -0.00179245 0.431044
0000000195.000000 157.387 -3.84089 12.7051 0.00545731 0.905789 0.0046266 0.423668
0000000196.000000 158.432 -3.86439 11.8147 0.0120421 0.907044 -0.00227192 0.420857
0000000197.000000 159.862 -3.91147 10.5932 0.0207128 0.904796 0.00320375 0.425329
0000000198.000000 161.25 -3.97262 9.52633 0.0307752 0.889868 0.00806554 0.455107
0000000199.000000 163.239 -4.04089 8.45765 0.0305222 0.849396 0.00778585 0.526816
0000000200.000000 165.334 -4.14194 7.76947 0.0353579 0.800647 -0.000137642 0.598092
0000000201.000000 167.057 -4.2208 7.50474 0.0282633 0.763105 -0.000313862 0.645656
0000000202.000000 168.852 -4.29293 7.39525 0.0196909 0.734375 -0.00204891 0.678455
0000000203.000000 170.709 -4.37376 7.37854 0.00871368 0.721337 -0.0112326 0.692439
0000000204.000000 172.636 -4.44042 7.32156 0.00700403 0.719949 -0.0149348 0.693831
0000000205.000000 174.62 -4.52121 7.234 0.00527948 0.724646 -0.0132539 0.688974
0000000206.000000 177.339 -4.64077 7.05899 0.0122785 0.733178 -0.0204306 0.679619
0000000207.000000 179.475 -4.74428 6.88688 0.00413073 0.740066 -0.0184486 0.672268
0000000208.000000 181.639 -4.84406 6.6588 0.00975368 0.743552 -0.0187673 0.668343
0000000209.000000 183.117 -4.90994 6.5116 0.00975368 0.743552 -0.0187673 0.668343
0000000210.000000 184.615 -4.97992 6.36492 0.00975368 0.743552 -0.0187673 0.668343
0000000211.000000 186.124 -5.06001 6.21087 0.00975368 0.743552 -0.0187673 0.668343
0000000212.000000 186.885 -5.09483 6.13823 0.00975368 0.743552 -0.0187673 0.668343
0000000213.000000 188.423 -5.16797 5.99942 0.00975368 0.743552 -0.0187673 0.668343
0000000214.000000 189.953 -5.25583 5.84027 0.0142371 0.743091 -0.018949 0.668771
0000000215.000000 191.485 -5.33371 5.68728 0.0136522 0.743162 -0.0233647 0.668564
0000000216.000000 193.059 -5.4299 5.52709 0.0136522 0.743162 -0.0233647 0.668564
0000000217.000000 194.611 -5.5281 5.36534 0.0142969 0.744073 -0.0275643 0.667377
0000000218.000000 196.2 -5.63128 5.19796 0.0142969 0.744073 -0.0275643 0.667377
0000000219.000000 198.633 -5.80583 4.92188 0.0160126 0.746071 -0.0243022 0.66523
0000000220.000000 201.079 -5.96195 4.63003 0.016465 0.746363 -0.0177545 0.665098
0000000221.000000 203.573 -6.11164 4.34473 0.0211298 0.745665 -0.0152707 0.665811
0000000222.000000 205.246 -6.21377 4.17462 0.0211298 0.745665 -0.0152707 0.665811
0000000223.000000 206.911 -6.31549 4.00144 0.0211298 0.745665 -0.0152707 0.665811
0000000224.000000 208.559 -6.43167 3.83482 0.0264068 0.744521 -0.0223607 0.666702
0000000225.000000 210.225 -6.55014 3.67039 0.0204999 0.743686 -0.0205188 0.6679
0000000226.000000 212.748 -6.70791 3.41404 0.0204999 0.743686 -0.0205188 0.6679
0000000227.000000 215.265 -6.88034 3.15851 0.0204999 0.743686 -0.0205188 0.6679
0000000228.000000 217.826 -7.05212 2.88219 0.0221822 0.743876 -0.0162092 0.667752
0000000229.000000 220.39 -7.22057 2.60174 0.0272746 0.742774 -0.0154807 0.668807
0000000230.000000 223.032 -7.39041 2.33937 0.0272746 0.742774 -0.0154807 0.668807
0000000231.000000 225.685 -7.58238 2.07991 0.0240505 0.743463 -0.0193674 0.668063
0000000232.000000 227.483 -7.69619 1.88851 0.0240505 0.743463 -0.0193674 0.668063
0000000233.000000 230.141 -7.89611 1.59304 0.0303148 0.744804 -0.0185433 0.666336
0000000234.000000 232.811 -8.11059 1.31893 0.0220698 0.746607 -0.0163883 0.664697
0000000235.000000 234.59 -8.23222 1.12293 0.0220698 0.746607 -0.0163883 0.664697
0000000236.000000 236.358 -8.36427 0.931623 0.0255953 0.746631 -0.0212 0.664408
0000000237.000000 238.124 -8.50258 0.724528 0.0255953 0.746631 -0.0212 0.664408
0000000238.000000 239.892 -8.64392 0.534368 0.0255953 0.746631 -0.0212 0.664408
0000000239.000000 241.631 -8.78559 0.348932 0.0291601 0.745228 -0.0249688 0.665704
0000000240.000000 243.368 -8.93381 0.166002 0.0254519 0.74396 -0.0194584 0.667455
0000000241.000000 245.084 -9.06916 -0.010819 0.0288189 0.74256 -0.023569 0.668744
0000000242.000000 246.806 -9.21706 -0.190344 0.0288189 0.74256 -0.023569 0.668744
0000000243.000000 249.316 -9.42395 -0.414159 0.0249525 0.740865 -0.0202506 0.670885
0000000244.000000 250.946 -9.56481 -0.571749 0.0249525 0.740865 -0.0202506 0.670885
0000000245.000000 252.515 -9.68383 -0.7214 0.0249525 0.740865 -0.0202506 0.670885
0000000246.000000 254.057 -9.80566 -0.866492 0.0205768 0.741226 -0.0169521 0.670726
0000000247.000000 255.514 -9.91766 -1.00753 0.0232807 0.741378 -0.0208607 0.67036
0000000248.000000 256.925 -10.0258 -1.14884 0.0232807 0.741378 -0.0208607 0.67036
0000000249.000000 258.312 -10.1281 -1.29743 0.0243622 0.744101 -0.018594 0.667364
0000000250.000000 259.637 -10.2343 -1.45521 0.0248777 0.749172 -0.0193383 0.661626
0000000251.000000 260.902 -10.3292 -1.645 0.0261701 0.756131 -0.0187114 0.653629
0000000252.000000 262.139 -10.4179 -1.86155 0.0274128 0.764155 -0.0132142 0.644314
0000000253.000000 263.302 -10.5041 -2.11241 0.0269258 0.771549 -0.00653351 0.635566
0000000254.000000 264.396 -10.5774 -2.36745 0.0295117 0.778363 -0.00281634 0.627115
0000000255.000000 266.338 -10.6941 -2.88199 0.03744 0.790096 -0.000758401 0.611838
0000000256.000000 268.288 -10.829 -3.4376 0.0410742 0.793512 0.0040107 0.607154
0000000257.000000 270.286 -10.9674 -3.82945 0.0432718 0.762513 -0.00251874 0.645519
0000000258.000000 271.813 -11.0681 -3.73542 0.0337117 0.694701 -0.00537719 0.718488
0000000259.000000 273.016 -11.1759 -3.31144 0.0266548 0.602783 -0.0161803 0.797296
0000000260.000000 274.023 -11.2616 -2.70642 0.0335112 0.501542 -0.013416 0.86438
0000000261.000000 274.928 -11.3598 -1.66202 0.0290802 0.384902 -0.0241515 0.922183
0000000262.000000 275.525 -11.4297 -0.609536 0.0203935 0.298136 -0.0298582 0.953838
0000000263.000000 276.037 -11.4928 0.615263 0.0173955 0.223977 -0.0393477 0.973645
0000000264.000000 276.664 -11.5839 2.5667 0.0171953 0.15832 -0.0457787 0.986176
0000000265.000000 277.084 -11.6591 4.29103 0.0160601 0.12161 -0.0458179 0.99139
0000000266.000000 277.397 -11.742 6.20959 0.018219 0.0862441 -0.047547 0.994972
0000000267.000000 277.643 -11.8144 8.31807 0.0209319 0.0624929 -0.0529596 0.996419
0000000268.000000 277.861 -11.9161 10.6054 0.0124245 0.0467707 -0.0491662 0.997618
0000000269.000000 278.028 -11.9925 13.0502 0.0155936 0.0408913 -0.054569 0.99755
0000000270.000000 278.151 -12.062 14.7698 0.0155936 0.0408913 -0.054569 0.99755
0000000271.000000 278.293 -12.1335 16.5588 0.0155936 0.0408913 -0.054569 0.99755
0000000272.000000 278.452 -12.1989 18.4027 0.0105594 0.0437334 -0.0512927 0.99767
0000000273.000000 278.615 -12.2621 20.2719 0.0105594 0.0437334 -0.0512927 0.99767
0000000274.000000 278.786 -12.3363 22.1574 0.0153409 0.0463916 -0.0483516 0.997634
0000000275.000000 278.968 -12.4166 24.075 0.0153409 0.0463916 -0.0483516 0.997634
0000000276.000000 279.156 -12.4923 26.0341 0.00778239 0.0476567 -0.0441303 0.997858
0000000277.000000 279.421 -12.5797 28.9964 0.00778239 0.0476567 -0.0441303 0.997858
0000000278.000000 279.678 -12.6751 31.9908 0.00778239 0.0476567 -0.0441303 0.997858
0000000279.000000 279.926 -12.7469 35.0521 0.00521174 0.0472543 -0.0487923 0.997677
0000000280.000000 280.09 -12.7906 37.0867 -0.00117331 0.0466555 -0.0520504 0.997553
0000000281.000000 280.254 -12.8241 39.1028 -0.00117331 0.0466555 -0.0520504 0.997553
0000000282.000000 280.429 -12.8536 41.1228 -0.00117331 0.0466555 -0.0520504 0.997553
0000000283.000000 280.608 -12.8863 43.1239 0.0037116 0.047073 -0.0501361 0.997626
0000000284.000000 280.789 -12.9208 45.1505 -0.00142588 0.0487559 -0.0523297 0.997438
0000000285.000000 281.069 -12.9709 48.1648 0.00129642 0.0522449 -0.0569561 0.997008
0000000286.000000 281.373 -13.0043 51.1982 -0.00596796 0.0560376 -0.0579553 0.996727
0000000287.000000 281.608 -13.0293 53.2335 0.000482087 0.0550558 -0.0502143 0.99722
0000000288.000000 281.904 -13.0698 56.277 -0.00526859 0.051324 -0.0512472 0.997352
0000000289.000000 282.07 -13.0907 58.2975 0.00141399 0.0486163 -0.0553432 0.997282
0000000290.000000 282.245 -13.1294 60.3168 0.00526944 0.0462312 -0.0562791 0.99733
0000000291.000000 282.416 -13.1762 62.3208 -0.000864619 0.0452261 -0.0571607 0.99734
0000000292.000000 282.577 -13.208 64.3306 -0.000864619 0.0452261 -0.0571607 0.99734
0000000293.000000 282.744 -13.2386 66.3421 -0.000864619 0.0452261 -0.0571607 0.99734
0000000294.000000 282.924 -13.2626 68.3583 -0.000864619 0.0452261 -0.0571607 0.99734
0000000295.000000 283.187 -13.3304 71.3367 0.00615697 0.0464888 -0.0529183 0.997497
0000000296.000000 283.372 -13.3719 73.3713 -0.00413825 0.0484862 -0.050633 0.997531
0000000297.000000 283.561 -13.3932 75.3625 -0.00413825 0.0484862 -0.050633 0.997531
0000000298.000000 283.744 -13.4213 77.3439 0.00688924 0.0500738 -0.051785 0.997378
0000000299.000000 283.946 -13.4677 79.3564 -0.00215934 0.0534846 -0.0509365 0.997266
0000000300.000000 284.167 -13.4897 81.3603 -0.00681899 0.0567879 -0.0487673 0.997171
0000000301.000000 284.392 -13.5097 83.3475 -0.00049109 0.0606143 -0.0485898 0.996978
0000000302.000000 284.632 -13.5369 85.3428 0.000171574 0.0663393 -0.0480665 0.996639
0000000303.000000 284.907 -13.5701 87.3205 -0.00169185 0.0728721 -0.0479292 0.996188
0000000304.000000 285.223 -13.6045 89.294 -0.00476279 0.0783272 -0.0423521 0.996016
0000000305.000000 285.706 -13.6356 92.2044 -0.00309236 0.0850908 -0.0414457 0.995506
0000000306.000000 286.029 -13.6656 94.1326 -0.000177268 0.0884748 -0.043877 0.995112
0000000307.000000 286.351 -13.6992 96.0508 -0.000177268 0.0884748 -0.043877 0.995112
0000000308.000000 286.85 -13.7619 98.9054 -0.00120299 0.0857182 -0.0359285 0.995671
0000000309.000000 287.156 -13.7907 100.785 -0.00120299 0.0857182 -0.0359285 0.995671
0000000310.000000 287.458 -13.8271 102.64 0.00353391 0.0817609 -0.0347967 0.996038
0000000311.000000 287.756 -13.8721 104.48 0.00353391 0.0817609 -0.0347967 0.996038
0000000312.000000 288.082 -13.911 106.316 -0.00416749 0.0805681 -0.0266168 0.996385
0000000313.000000 288.39 -13.9358 108.095 -0.00594492 0.0803027 -0.0198217 0.996556
0000000314.000000 288.678 -13.9493 109.822 0.000683833 0.081314 -0.0203631 0.99648
0000000315.000000 288.956 -13.9711 111.522 0.000683833 0.081314 -0.0203631 0.99648
0000000316.000000 289.376 -14.0192 113.959 -0.00153068 0.0896168 -0.0198774 0.995777
0000000317.000000 289.842 -14.074 116.267 0.00212791 0.10227 -0.0181656 0.994588
0000000318.000000 290.327 -14.1291 118.418 0.000980065 0.116827 -0.022751 0.992891
0000000319.000000 290.8 -14.1874 120.329 0.00921782 0.130116 -0.0290444 0.99103
0000000320.000000 291.459 -14.2728 122.613 -0.00125653 0.13928 -0.0234856 0.989974
0000000321.000000 292.053 -14.33 124.703 0.00755287 0.13343 -0.0226314 0.990771
0000000322.000000 292.611 -14.3938 127.351 -0.00137386 0.0898854 -0.0179553 0.995789
0000000323.000000 292.732 -14.4235 129.984 0.00474041 -0.00839417 -0.0171189 0.999807
