0000000001.000000 -7.76123 -1.76346 285.086 0.00924108 -0.0087595 -0.00606442 0.999901
0000000002.000000 -7.81433 -1.83357 287.555 0.00924108 -0.0087595 -0.00606442 0.999901
0000000003.000000 -7.85542 -1.92152 290.032 0.013691 -0.007837 -0.00577583 0.999859
0000000004.000000 -7.89641 -2.01626 292.508 0.013691 -0.007837 -0.00577583 0.999859
0000000005.000000 -7.94856 -2.1058 295.019 0.013691 -0.007837 -0.00577583 0.999859
0000000006.000000 -8.0074 -2.18834 297.526 0.0087225 -0.00614457 -0.00762905 0.999914
0000000007.000000 -8.06393 -2.26616 300.027 0.0117898 -0.0064512 -0.0105392 0.999854
0000000008.000000 -8.11049 -2.34457 302.52 0.0148255 -0.00911759 -0.0135646 0.999757
0000000009.000000 -8.17242 -2.44979 305.01 0.0135192 -0.0131537 -0.013097 0.999736
0000000010.000000 -8.24757 -2.53588 307.547 0.0118473 -0.0189578 -0.0126737 0.99967
0000000011.000000 -8.36582 -2.61765 310.131 0.00923711 -0.0260662 -0.0128053 0.999536
0000000012.000000 -8.52507 -2.68756 312.716 0.00842126 -0.0284058 -0.0127853 0.999479
0000000013.000000 -8.70716 -2.75753 315.304 0.00944989 -0.0261093 -0.0126011 0.999535
0000000014.000000 -8.8468 -2.84097 317.884 0.0124079 -0.0188223 -0.0122485 0.999671
0000000015.000000 -8.9548 -2.93195 320.357 0.0150886 -0.0132855 -0.0122912 0.999722
0000000016.000000 -9.03051 -3.04293 322.837 0.0170637 -0.00956341 -0.0123975 0.999732
0000000017.000000 -9.08752 -3.15795 325.287 0.01839 -0.00763447 -0.0125628 0.999723
0000000018.000000 -9.13548 -3.2812 327.738 0.0190509 -0.00750023 -0.0127888 0.999709
0000000019.000000 -9.16611 -3.38551 330.192 0.0161256 -0.010184 -0.00990167 0.999769
0000000020.000000 -9.22101 -3.51828 332.683 0.0191872 -0.0109814 -0.00578684 0.999739
0000000021.000000 -9.28187 -3.64918 335.129 0.0184743 -0.0108625 -0.00571852 0.999754
0000000022.000000 -9.32673 -3.76704 337.534 0.0162653 -0.0107361 -0.00566513 0.999794
0000000023.000000 -9.41577 -3.93558 341.013 0.0119254 -0.0108564 -0.00565442 0.999854
0000000024.000000 -9.47967 -4.02907 343.195 0.0114035 -0.0101187 -0.00565417 0.999868
0000000025.000000 -9.54388 -4.15663 346.372 0.0107452 -0.009721 -0.00566423 0.999879
0000000026.000000 -9.59886 -4.27458 349.389 0.00995498 -0.00965577 -0.00568427 0.999888
0000000027.000000 -9.62573 -4.34707 351.325 0.00907954 -0.00981723 -0.00571068 0.999894
0000000028.000000 -9.64901 -4.41097 353.168 0.00812454 -0.0102012 -0.00574296 0.999898
0000000029.000000 -9.68744 -4.46953 354.92 0.00614918 -0.00967588 -0.00528257 0.99992
0000000030.000000 -9.71618 -4.52574 356.559 0.008761 -0.00775753 -0.00557831 0.999916
0000000031.000000 -9.73928 -4.57653 358.107 0.00780413 -0.00807089 -0.00513795 0.999924
0000000032.000000 -9.77258 -4.64916 360.235 0.00753159 -0.00894135 -0.00471002 0.999921
0000000033.000000 -9.85128 -4.71636 362.116 0.0105544 -0.0187276 -0.0078997 0.999738
0000000034.000000 -10.0413 -4.79635 364.325 0.0101665 -0.0488586 -0.0100975 0.998703
0000000035.000000 -10.7275 -4.86701 366.672 0.00378304 -0.16163 -0.00984977 0.986795
0000000036.000000 -11.7799 -4.87878 368.19 -0.00874194 -0.295816 -0.0152254 0.955084
0000000037.000000 -13.6075 -4.81057 369.589 -0.0175565 -0.468863 -0.0193056 0.882885
0000000038.000000 -16.0666 -4.70564 370.286 -0.0195707 -0.633029 -0.00458283 0.773867
0000000039.000000 -17.7594 -4.64097 370.277 -0.024154 -0.700777 -0.00971692 0.712905
0000000040.000000 -19.495 -4.56387 370.058 -0.0253743 -0.73723 -0.0173672 0.674942
0000000041.000000 -21.9809 -4.41968 369.678 -0.0322066 -0.75049 -0.0296906 0.659429
0000000042.000000 -24.6679 -4.21528 369.329 -0.0265861 -0.75171 -0.0197614 0.658662
0000000043.000000 -26.9189 -4.06672 369.039 -0.0271871 -0.749925 -0.0248581 0.660497
0000000044.000000 -28.5065 -3.9513 368.83 -0.0210481 -0.746298 -0.0301278 0.664597
0000000045.000000 -30.171 -3.8271 368.649 -0.0173844 -0.740685 -0.0344613 0.670743
0000000046.000000 -31.9139 -3.69715 368.487 -0.0150331 -0.734774 -0.0403147 0.676946
0000000047.000000 -34.6644 -3.48422 368.312 -0.0129217 -0.727242 -0.0382042 0.685195
0000000048.000000 -37.5269 -3.26962 368.159 -0.0183504 -0.723602 -0.0409421 0.688758
0000000049.000000 -39.4614 -3.11709 368.05 -0.0173395 -0.723382 -0.0408763 0.689019
0000000050.000000 -42.4974 -2.88843 367.894 -0.0155819 -0.722772 -0.0400516 0.689749
0000000051.000000 -44.5658 -2.74021 367.795 -0.0133458 -0.721942 -0.03874 0.690739
0000000052.000000 -46.7253 -2.59498 367.693 -0.0133055 -0.72111 -0.0387206 0.69161
0000000053.000000 -48.9056 -2.45727 367.601 -0.0133544 -0.720267 -0.0387944 0.692483
0000000054.000000 -51.0875 -2.31871 367.503 -0.0135044 -0.719433 -0.0389736 0.693336
0000000055.000000 -53.292 -2.16991 367.404 -0.0137941 -0.718607 -0.039299 0.694168
0000000056.000000 -55.4882 -2.02252 367.306 -0.0142244 -0.717791 -0.0397716 0.694976
0000000057.000000 -57.6596 -1.88482 367.227 -0.0135089 -0.718415 -0.0392752 0.694374
0000000058.000000 -59.8688 -1.74119 367.143 -0.0131902 -0.718744 -0.0392091 0.694043
0000000059.000000 -62.0275 -1.60614 367.053 -0.0132556 -0.718793 -0.0395604 0.693972
0000000060.000000 -64.1825 -1.47543 366.96 -0.0136995 -0.718569 -0.0403235 0.694151
0000000061.000000 -66.3311 -1.3354 366.878 -0.0145306 -0.718061 -0.0415061 0.694589
0000000062.000000 -69.5061 -1.13321 366.776 -0.013287 -0.713724 -0.0419524 0.699043
0000000063.000000 -71.6236 -0.994957 366.734 -0.0146505 -0.712163 -0.04282 0.700554
0000000064.000000 -74.7297 -0.77534 366.72 -0.0182816 -0.707554 -0.0461105 0.704916
0000000065.000000 -77.6869 -0.564262 366.725 -0.0174487 -0.70449 -0.0404198 0.708347
0000000066.000000 -79.5712 -0.447749 366.737 -0.0164623 -0.705162 -0.0388181 0.707792
0000000067.000000 -82.2245 -0.29133 366.742 -0.0153502 -0.704824 -0.0377235 0.708212
0000000068.000000 -84.817 -0.138136 366.743 -0.0189856 -0.710059 -0.0328601 0.703119
0000000069.000000 -87.4053 0.02526 366.664 -0.0202496 -0.723115 -0.0317454 0.689701
0000000070.000000 -89.9657 0.178236 366.456 -0.0139535 -0.737 -0.0293221 0.675112
0000000071.000000 -92.5726 0.315072 366.161 -0.0100992 -0.743851 -0.0317608 0.667514
0000000072.000000 -95.2406 0.458131 365.837 -0.0102294 -0.744063 -0.0318834 0.66727
0000000073.000000 -98.0487 0.638338 365.548 -0.0184088 -0.740781 -0.0444484 0.670022
0000000074.000000 -99.9721 0.801879 365.348 -0.0133245 -0.73592 -0.047813 0.675246
0000000075.000000 -101.949 0.974242 365.179 -0.00889571 -0.730096 -0.045632 0.681761
0000000076.000000 -104.082 1.14592 365.062 -0.0160767 -0.725047 -0.0487773 0.686782
0000000077.000000 -106.246 1.32902 364.959 -0.00894609 -0.722039 -0.0425434 0.690485
0000000078.000000 -108.451 1.48183 364.846 -0.00734667 -0.718066 -0.0501007 0.694131
0000000079.000000 -110.713 1.63547 364.775 -0.00129772 -0.714099 -0.0437944 0.698672
0000000080.000000 -113.042 1.77733 364.747 -0.00469352 -0.709609 -0.0390014 0.703499
0000000081.000000 -115.432 1.92749 364.748 -0.0115732 -0.70404 -0.0439477 0.708705
0000000082.000000 -117.787 2.09263 364.772 -0.0100811 -0.700416 -0.0430935 0.712361
0000000083.000000 -120.124 2.23931 364.818 -0.0100179 -0.699896 -0.0429153 0.712884
0000000084.000000 -122.47 2.39516 364.85 -0.00995575 -0.699391 -0.0427373 0.713391
0000000085.000000 -124.793 2.53241 364.892 -0.00927619 -0.700612 -0.0353955 0.712604
0000000086.000000 -127.129 2.65041 364.931 -0.0136011 -0.70479 -0.029348 0.708678
0000000087.000000 -129.452 2.76956 364.917 -0.015906 -0.709125 -0.0324269 0.704157
0000000088.000000 -131.755 2.90361 364.866 -0.00950459 -0.712181 -0.0340628 0.701104
0000000089.000000 -134.073 3.02034 364.818 -0.00943836 -0.711768 -0.0338881 0.701534
0000000090.000000 -136.392 3.14324 364.781 -0.0165347 -0.712423 -0.0361644 0.700623
0000000091.000000 -137.537 3.21542 364.756 -0.0164712 -0.712036 -0.0359863 0.701027
0000000092.000000 -139.799 3.34506 364.704 -0.00946941 -0.712013 -0.0333234 0.701312
0000000093.000000 -140.94 3.40763 364.687 -0.00940601 -0.711648 -0.0331495 0.70169
0000000094.000000 -142.08 3.45984 364.666 -0.00934301 -0.711292 -0.0329759 0.70206
0000000095.000000 -144.346 3.58373 364.648 -0.0152392 -0.713041 -0.0335994 0.700151
0000000096.000000 -146.597 3.71159 364.583 -0.0151782 -0.71272 -0.0334238 0.700488
0000000097.000000 -147.711 3.76807 364.55 -0.0151176 -0.712406 -0.0332483 0.700817
0000000098.000000 -149.922 3.88541 364.499 -0.0117418 -0.713792 -0.0306121 0.69959
0000000099.000000 -153.286 4.05104 364.412 -0.0178731 -0.714656 -0.0328759 0.698474
0000000100.000000 -155.483 4.18515 364.355 -0.0178152 -0.7144 -0.0327012 0.698746
0000000101.000000 -158.755 4.36829 364.266 -0.0177589 -0.714167 -0.0325271 0.698993
0000000102.000000 -160.895 4.48188 364.21 -0.0158513 -0.714059 -0.0269697 0.699387
0000000103.000000 -163.042 4.5893 364.16 -0.0157952 -0.713856 -0.0267971 0.699601
0000000104.000000 -165.159 4.68908 364.104 -0.0157399 -0.713669 -0.0266249 0.6998
0000000105.000000 -167.257 4.78299 364.031 -0.00852099 -0.711681 -0.0287559 0.701862
0000000106.000000 -169.395 4.87497 363.977 -0.00904002 -0.708508 -0.0320644 0.704916
0000000107.000000 -172.605 5.02465 363.997 -0.0110866 -0.703782 -0.0266892 0.709828
0000000108.000000 -174.768 5.11544 364.028 -0.0129483 -0.70072 -0.0217101 0.712988
0000000109.000000 -176.937 5.21009 364.084 -0.0209048 -0.698298 -0.0213635 0.715183
0000000110.000000 -179.129 5.32673 364.142 -0.0208586 -0.698209 -0.0211925 0.715276
0000000111.000000 -180.215 5.37608 364.155 -0.0208129 -0.698129 -0.0210219 0.715361
0000000112.000000 -182.406 5.48578 364.187 -0.0174457 -0.695912 -0.0261328 0.717439
0000000113.000000 -184.633 5.60338 364.238 -0.0122027 -0.692605 -0.0281153 0.720665
0000000114.000000 -186.876 5.70889 364.311 -0.0116531 -0.68889 -0.0303856 0.724135
0000000115.000000 -189.152 5.82354 364.437 -0.0116146 -0.688874 -0.030217 0.724158
0000000116.000000 -191.432 5.9343 364.553 -0.0115771 -0.688874 -0.0300488 0.724166
0000000117.000000 -193.709 6.03552 364.665 -0.0115405 -0.688891 -0.029881 0.724157
0000000118.000000 -195.981 6.13616 364.776 -0.0115048 -0.688924 -0.0297136 0.724133
0000000119.000000 -198.238 6.23432 364.888 -0.01147 -0.688974 -0.0295466 0.724093
0000000120.000000 -200.497 6.33211 365 -0.011436 -0.689041 -0.0293801 0.724037
0000000121.000000 -202.731 6.42625 365.114 -0.0114029 -0.689123 -0.029214 0.723965
0000000122.000000 -204.954 6.52593 365.224 -0.0135751 -0.686136 -0.0312389 0.726675
0000000123.000000 -207.142 6.62866 365.357 -0.0127286 -0.682105 -0.0337385 0.730365
0000000124.000000 -209.274 6.72606 365.515 -0.0108054 -0.67724 -0.0330686 0.734939
0000000125.000000 -211.343 6.81395 365.695 -0.0115063 -0.673052 -0.0320902 0.738809
0000000126.000000 -213.333 6.8945 365.893 -0.0114805 -0.673216 -0.0319256 0.738668
0000000127.000000 -215.291 6.98034 366.081 -0.0156429 -0.671425 -0.0328861 0.740177
0000000128.000000 -217.177 7.06216 366.273 -0.0156187 -0.671618 -0.0327232 0.74001
0000000129.000000 -218.985 7.15918 366.45 -0.0106097 -0.669906 -0.0308561 0.741729
0000000130.000000 -220.727 7.23196 366.627 -0.0156549 -0.665675 -0.0404392 0.744981
0000000131.000000 -222.363 7.3272 366.817 -0.0115027 -0.659306 -0.0404778 0.750696
0000000132.000000 -223.889 7.39819 367.057 -0.0120038 -0.651194 -0.0385402 0.757837
0000000133.000000 -226.628 7.51929 367.643 -0.0115651 -0.62723 -0.0278603 0.77825
0000000134.000000 -229.565 7.62084 368.455 -0.0222381 -0.608357 -0.0180444 0.793147
0000000135.000000 -231.125 7.68868 368.886 -0.0222391 -0.608668 -0.0178868 0.792911
0000000136.000000 -232.559 7.73881 369.237 -0.0233043 -0.617514 -0.0193358 0.785977
0000000137.000000 -233.835 7.79927 369.488 -0.0228549 -0.632214 -0.0166077 0.774278
0000000138.000000 -235.483 7.86563 369.663 -0.0216922 -0.664706 -0.0192484 0.746542
0000000139.000000 -237.064 7.93444 369.705 -0.0202162 -0.693731 -0.0221913 0.719608
0000000140.000000 -238.692 8.0145 369.657 -0.0134379 -0.707744 -0.0271829 0.705818
0000000141.000000 -239.55 8.05555 369.643 -0.0134169 -0.708081 -0.0270237 0.705486
0000000142.000000 -240.42 8.09529 369.639 -0.0133962 -0.708424 -0.0268648 0.705148
0000000143.000000 -241.71 8.15626 369.652 -0.00851997 -0.700897 -0.0302632 0.712569
0000000144.000000 -243.428 8.23636 369.759 -0.00763331 -0.685907 -0.0339166 0.726859
0000000145.000000 -246.5 8.35458 370.121 -0.00334373 -0.656806 -0.0331303 0.753324
0000000146.000000 -250.018 8.46448 370.413 -0.00584743 -0.714867 -0.0244569 0.698808
0000000147.000000 -252.6 8.60126 369.728 -0.0104358 -0.815757 -0.0275316 0.577645
0000000148.000000 -254.599 8.72367 368.509 0.0177765 0.891266 0.0191662 -0.452727
0000000149.000000 -255.681 8.78346 367.316 0.0235289 0.929106 0.0202294 -0.368508
0000000150.000000 -256.667 8.86265 365.837 0.0301242 0.959493 0.0200176 -0.2794
0000000151.000000 -257.185 8.9421 364.685 0.0294448 0.973069 0.0206624 -0.227691
0000000152.000000 -257.659 9.00438 363.416 0.0299523 0.982154 0.0218879 -0.184382
0000000153.000000 -258.074 9.07329 362.037 0.0318089 0.988555 0.022332 -0.145766
0000000154.000000 -258.418 9.14085 360.566 0.0350137 0.992685 0.0175937 -0.1142
0000000155.000000 -258.708 9.20566 358.998 0.0381543 0.995415 0.0129103 -0.0867511
0000000156.000000 -258.941 9.25888 357.323 0.0436724 0.997095 0.0150514 -0.0605634
0000000157.000000 -259.079 9.31769 355.563 0.0434197 0.998131 0.015663 -0.0400518
0000000158.000000 -259.162 9.36998 353.721 0.0365853 0.998819 0.0127352 -0.0293156
0000000159.000000 -259.299 9.45237 350.768 0.036469 0.998846 0.0126391 -0.0285686
0000000160.000000 -259.42 9.50534 348.696 0.0363528 0.998873 0.0125434 -0.0278125
0000000161.000000 -259.53 9.5581 346.557 0.0362367 0.9989 0.0124481 -0.0270474
0000000162.000000 -259.627 9.60905 344.364 0.0361208 0.998926 0.0123532 -0.026273
0000000163.000000 -259.734 9.64885 342.128 0.0360049 0.998951 0.0122588 -0.0254892
0000000164.000000 -259.834 9.68325 339.849 0.0358891 0.998977 0.012165 -0.0246958
0000000165.000000 -259.931 9.73604 337.524 0.0357734 0.999001 0.0120716 -0.0238927
0000000166.000000 -260.027 9.79025 335.137 0.0374578 0.998946 0.0178774 -0.0195822
0000000167.000000 -260.11 9.85119 332.745 0.0373371 0.998968 0.0177866 -0.0187598
0000000168.000000 -260.177 9.89056 330.375 0.0339799 0.999281 0.00515847 -0.0160134
0000000169.000000 -260.231 9.89052 328.003 0.0313557 0.999375 0.0108767 -0.0121444
0000000170.000000 -260.265 9.9367 325.651 0.030036 0.999379 0.017293 -0.00642006
0000000171.000000 -260.265 9.99095 323.27 0.0299736 0.999428 0.0156595 -0.000288058
0000000172.000000 -260.223 10.0308 320.936 0.0300025 0.999402 0.0161287 0.00599755
0000000173.000000 -260.192 10.077 318.569 0.0315791 0.999268 0.0173192 0.0128993
0000000174.000000 -260.103 10.1233 316.243 0.0325201 0.999126 0.0173568 0.019685
0000000175.000000 -260.005 10.1721 313.905 0.0342926 0.99892 0.0170614 0.0263115
0000000176.000000 -259.857 10.2138 311.597 0.0351109 0.998736 0.0163274 0.0320379
0000000177.000000 -259.698 10.2463 309.308 0.0380056 0.998454 0.015225 0.0376019
0000000178.000000 -259.509 10.2822 307.024 0.0405235 0.998114 0.0153772 0.0434683
0000000179.000000 -259.295 10.3224 304.748 0.0420302 0.997784 0.0158286 0.0490964
0000000180.000000 -259.057 10.3476 302.495 0.0419036 0.997744 0.0157558 0.050023
0000000181.000000 -258.806 10.3772 300.238 0.0417771 0.997703 0.0156836 0.0509556
0000000182.000000 -258.553 10.411 297.973 0.0416505 0.997662 0.0156117 0.0518944
0000000183.000000 -258.315 10.4457 295.684 0.0415239 0.997618 0.0155403 0.0528395
0000000184.000000 -258.052 10.4831 293.406 0.0413973 0.997574 0.0154692 0.0537908
0000000185.000000 -257.797 10.5134 291.116 0.0412707 0.997528 0.0153986 0.0547483
0000000186.000000 -257.521 10.5458 288.814 0.0411441 0.997481 0.0153285 0.0557119
0000000187.000000 -257.388 10.5664 287.658 0.0410174 0.997433 0.0152585 0.0566787
0000000188.000000 -257.116 10.5991 285.324 0.0408907 0.997383 0.0151889 0.0576517
0000000189.000000 -256.822 10.6261 283.005 0.040764 0.997333 0.0151198 0.0586308
0000000190.000000 -256.515 10.6624 280.664 0.0406372 0.99728 0.015051 0.059616
0000000191.000000 -256.209 10.699 278.308 0.0374834 0.997132 0.0137383 0.0643009
0000000192.000000 -256.038 10.7147 277.125 0.0373574 0.997073 0.0136675 0.0652947
0000000193.000000 -255.711 10.7464 274.755 0.0364776 0.99672 0.0139775 0.0708742
0000000194.000000 -255.532 10.759 273.573 0.0363507 0.996654 0.0139071 0.0718764
0000000195.000000 -255.353 10.7685 272.376 0.0362237 0.996587 0.013837 0.0728815
0000000196.000000 -254.986 10.7967 269.991 0.036208 0.996069 0.0159126 0.0792616
0000000197.000000 -254.573 10.8305 267.602 0.034901 0.995557 0.0174322 0.0856982
0000000198.000000 -254.134 10.8775 265.208 0.0338766 0.995035 0.0154189 0.0923046
0000000199.000000 -253.673 10.903 262.81 0.0342888 0.99436 0.0139769 0.0993793
0000000200.000000 -253.15 10.9332 260.401 0.0328682 0.993766 0.0152572 0.105437
0000000201.000000 -252.873 10.9499 259.182 0.0327364 0.993661 0.0151891 0.106466
0000000202.000000 -252.597 10.9651 257.962 0.0326045 0.993556 0.0151212 0.107497
0000000203.000000 -252.061 10.9923 255.538 0.0344719 0.992807 0.0141464 0.113779
0000000204.000000 -251.773 11.0043 254.337 0.0343404 0.992693 0.0140816 0.114816
0000000205.000000 -251.188 11.0166 251.921 0.0373274 0.99172 0.0147805 0.121978
0000000206.000000 -250.573 11.0321 249.553 0.0374107 0.990919 0.0168424 0.128051
0000000207.000000 -249.927 11.0577 247.163 0.0372748 0.990789 0.0167837 0.129097
0000000208.000000 -249.276 11.0779 244.78 0.0385263 0.990198 0.0125137 0.133664
0000000209.000000 -248.61 11.0872 242.375 0.0383943 0.990062 0.0124577 0.134716
0000000210.000000 -247.928 11.0972 239.995 0.0382623 0.989923 0.0124022 0.135771
0000000211.000000 -247.255 11.1007 237.617 0.03813 0.989784 0.0123472 0.136829
0000000212.000000 -246.568 11.1058 235.249 0.0392679 0.98894 0.010332 0.142651
0000000213.000000 -245.844 11.0941 232.911 0.0402727 0.988021 0.00917011 0.148692
0000000214.000000 -245.465 11.089 231.734 0.0401425 0.987866 0.00912031 0.149754
0000000215.000000 -244.735 11.0827 229.38 0.041996 0.986812 0.0132112 0.155767
0000000216.000000 -243.966 11.085 227.019 0.0441646 0.985856 0.0123757 0.161194
0000000217.000000 -243.157 11.0666 224.687 0.0440728 0.985181 0.00880796 0.165525
0000000218.000000 -242.325 11.0415 222.356 0.043941 0.985007 0.00876692 0.166593
0000000219.000000 -241.488 11.022 220.032 0.043809 0.984832 0.00872656 0.167662
0000000220.000000 -240.679 10.9914 217.726 0.0436768 0.984655 0.008687 0.168732
0000000221.000000 -239.844 10.9596 215.426 0.0435444 0.984478 0.00864825 0.169803
0000000222.000000 -239.015 10.9402 213.133 0.0434118 0.984298 0.00861017 0.170876
0000000223.000000 -238.17 10.9117 210.854 0.0432789 0.984117 0.00857285 0.171949
0000000224.000000 -237.338 10.8851 208.562 0.0431459 0.983935 0.00853626 0.173024
0000000225.000000 -236.487 10.8599 206.278 0.0420804 0.983027 0.0105877 0.178254
0000000226.000000 -236.045 10.849 205.143 0.0419445 0.982838 0.0105516 0.179329
0000000227.000000 -235.163 10.8299 202.877 0.0378406 0.982091 0.00782353 0.184404
0000000228.000000 -234.259 10.8023 200.624 0.0352114 0.981163 0.00609038 0.189846
0000000229.000000 -233.799 10.7914 199.508 0.035079 0.98096 0.00604994 0.190921
0000000230.000000 -233.335 10.7706 198.39 0.0349465 0.980755 0.00600991 0.191995
0000000231.000000 -232.865 10.7568 197.274 0.0348139 0.980549 0.00597021 0.19307
0000000232.000000 -232.402 10.743 196.196 0.0346811 0.980342 0.00593084 0.194144
0000000233.000000 -231.476 10.7075 193.965 0.0350162 0.97903 0.00508963 0.20062
0000000234.000000 -230.515 10.6698 191.738 0.0347042 0.977783 0.00428541 0.206683
0000000235.000000 -230.03 10.6474 190.664 0.0345719 0.97756 0.00424964 0.207755
0000000236.000000 -229.053 10.6009 188.519 0.0344393 0.977337 0.00421471 0.208827
0000000237.000000 -228.073 10.5677 186.356 0.0361369 0.97612 0.00620186 0.214117
0000000238.000000 -227.066 10.5243 184.207 0.038603 0.974921 0.00671535 0.219076
0000000239.000000 -226.037 10.4811 182.065 0.0401297 0.973673 0.0085942 0.224225
0000000240.000000 -224.999 10.4403 179.957 0.0413849 0.972493 0.00611068 0.229147
0000000241.000000 -223.914 10.3977 177.828 0.0412479 0.972247 0.00608984 0.23021
0000000242.000000 -222.821 10.3511 175.698 0.0411106 0.972002 0.00606978 0.231271
0000000243.000000 -221.72 10.3094 173.556 0.0402904 0.970774 0.00397408 0.236556
0000000244.000000 -220.596 10.2516 171.425 0.0426283 0.969432 0.00230906 0.241616
0000000245.000000 -219.464 10.1922 169.281 0.0459236 0.967794 0.00421644 0.247482
0000000246.000000 -218.267 10.1259 167.132 0.0467018 0.966338 0.00252327 0.252988
0000000247.000000 -217.662 10.0915 166.06 0.0465661 0.96607 0.00251625 0.254036
0000000248.000000 -216.44 10.026 163.943 0.0452418 0.964711 0.00494907 0.259349
0000000249.000000 -215.814 9.98899 162.882 0.0451028 0.964437 0.00494278 0.260391
0000000250.000000 -215.177 9.9609 161.823 0.0449635 0.964162 0.00493687 0.261431
0000000251.000000 -214.546 9.93372 160.783 0.0448242 0.963886 0.00493135 0.26247
0000000252.000000 -213.919 9.89242 159.742 0.0446846 0.96361 0.00492636 0.263507
0000000253.000000 -213.287 9.85817 158.69 0.0445449 0.963332 0.00492183 0.264542
0000000254.000000 -212.024 9.79096 156.604 0.0444049 0.963055 0.00491822 0.265574
0000000255.000000 -210.767 9.72935 154.515 0.0421068 0.96186 0.00605239 0.270215
0000000256.000000 -209.469 9.66959 152.443 0.0419649 0.961578 0.00604866 0.271239
0000000257.000000 -208.194 9.60898 150.382 0.0432272 0.960123 0.00437119 0.276183
0000000258.000000 -206.895 9.54011 148.349 0.042332 0.95888 0.00100908 0.280636
0000000259.000000 -206.235 9.49876 147.343 0.0421944 0.958588 0.00100935 0.28165
0000000260.000000 -204.926 9.4174 145.336 0.0430405 0.957025 0.00271461 0.28678
0000000261.000000 -203.607 9.33779 143.346 0.0432993 0.955112 0.00183972 0.293059
0000000262.000000 -202.242 9.25974 141.362 0.0413394 0.953502 0.00425646 0.298508
0000000263.000000 -200.867 9.19327 139.395 0.044391 0.951501 0.00554827 0.304376
0000000264.000000 -199.475 9.1291 137.462 0.0449326 0.94947 0.00605868 0.310565
0000000265.000000 -198.035 9.06547 135.531 0.0421383 0.947645 0.00628501 0.316472
0000000266.000000 -196.576 9.00025 133.62 0.0446663 0.945724 0.00397285 0.321863
0000000267.000000 -195.106 8.92671 131.71 0.0465555 0.943927 0.00340991 0.326839
0000000268.000000 -193.583 8.84437 129.789 0.0464116 0.943601 0.00342927 0.327797
0000000269.000000 -192.046 8.7584 127.861 0.0472071 0.941843 0.00515405 0.332681
0000000270.000000 -190.501 8.68016 125.949 0.0500176 0.939928 0.00262479 0.337679
0000000271.000000 -188.917 8.58851 124.045 0.0488418 0.93815 0.000863869 0.342767
0000000272.000000 -187.287 8.48249 122.156 0.0456538 0.936593 -0.00108654 0.347429
0000000273.000000 -185.645 8.37287 120.291 0.0446842 0.934704 -4.72519e-05 0.352607
0000000274.000000 -183.975 8.26475 118.417 0.0445415 0.934366 -1.95574e-05 0.353519
0000000275.000000 -183.134 8.21362 117.48 0.0443986 0.934029 8.67641e-06 0.354426
0000000276.000000 -181.455 8.1039 115.621 0.0430569 0.932032 0.00115455 0.359808
0000000277.000000 -179.772 8.00119 113.757 0.044387 0.929887 -0.000740401 0.365158
0000000278.000000 -177.121 7.83679 110.953 0.043269 0.927117 0.00121126 0.372264
0000000279.000000 -175.338 7.72753 109.112 0.0395792 0.925461 -0.000160717 0.37677
0000000280.000000 -173.507 7.61941 107.27 0.0362913 0.924193 -0.00344358 0.380182
0000000281.000000 -171.659 7.50208 105.421 0.0361494 0.92385 -0.0034114 0.38103
0000000282.000000 -169.831 7.3883 103.58 0.0360072 0.923509 -0.00337798 0.381869
0000000283.000000 -167.961 7.27648 101.746 0.0358646 0.923171 -0.00334335 0.382698
0000000284.000000 -166.095 7.16258 99.8998 0.0357217 0.922836 -0.00330749 0.383519
0000000285.000000 -164.208 7.05327 98.0518 0.0355784 0.922504 -0.00327045 0.384331
0000000286.000000 -162.318 6.94647 96.2028 0.0309329 0.922318 -0.00233384 0.385186
0000000287.000000 -160.445 6.83719 94.3591 0.0307882 0.921991 -0.00229832 0.38598
0000000288.000000 -158.585 6.72784 92.4916 0.0399479 0.921762 4.686e-05 0.385694
0000000289.000000 -156.728 6.61496 90.6249 0.0453134 0.921712 0.00313824 0.385206
0000000290.000000 -154.892 6.5094 88.7824 0.0451633 0.921398 0.00318949 0.385974
0000000291.000000 -153.023 6.407 86.9601 0.0450129 0.921086 0.00324176 0.386734
0000000292.000000 -151.149 6.29501 85.1375 0.0448622 0.920778 0.00329515 0.387485
0000000293.000000 -149.274 6.18571 83.2968 0.0447112 0.920472 0.00334966 0.388227
0000000294.000000 -147.416 6.07088 81.4738 0.0445599 0.92017 0.00340534 0.38896
0000000295.000000 -145.551 5.97204 79.6654 0.0444084 0.91987 0.00346202 0.389685
0000000296.000000 -143.705 5.87601 77.8794 0.0442566 0.919574 0.00351966 0.390401
0000000297.000000 -141.827 5.77295 76.0796 0.0441045 0.91928 0.00357834 0.391108
0000000298.000000 -139.959 5.67222 74.2979 0.0439522 0.91899 0.00363804 0.391806
0000000299.000000 -138.116 5.57015 72.5118 0.0437996 0.918703 0.00369879 0.392496
0000000300.000000 -136.235 5.46891 70.7199 0.0436467 0.918419 0.00376057 0.393177
0000000301.000000 -134.345 5.36935 68.9284 0.0434935 0.918138 0.00382335 0.393848
0000000302.000000 -132.451 5.26452 67.1478 0.0433401 0.91786 0.00388721 0.394511
0000000303.000000 -130.56 5.15743 65.3525 0.0431864 0.917586 0.00395218 0.395165
0000000304.000000 -128.689 5.0669 63.5715 0.0430324 0.917315 0.00401807 0.39581
0000000305.000000 -126.794 4.97113 61.7874 0.0428782 0.917047 0.00408494 0.396446
0000000306.000000 -124.891 4.86788 60.017 0.0427237 0.916783 0.00415288 0.397073
0000000307.000000 -122.995 4.76535 58.2739 0.0395876 0.916846 0.000198813 0.397274
0000000308.000000 -122.05 4.70877 57.3963 0.0394353 0.916586 0.000266326 0.397889
0000000309.000000 -120.16 4.59414 55.6462 0.0392828 0.916329 0.000335069 0.398494
0000000310.000000 -118.267 4.48591 53.9002 0.0391299 0.916076 0.000404975 0.39909
0000000311.000000 -117.324 4.42419 53.0299 0.0389769 0.915825 0.000475546 0.399681
0000000312.000000 -116.384 4.36828 52.1603 0.0388237 0.915575 0.000546721 0.400268
0000000313.000000 -114.492 4.26179 50.3991 0.0386702 0.915329 0.00061906 0.400846
0000000314.000000 -112.598 4.14512 48.654 0.0385164 0.915086 0.000692674 0.401415
0000000315.000000 -111.641 4.0983 47.773 0.0383624 0.914844 0.000766798 0.40198
0000000316.000000 -109.709 4.00241 46.0181 0.0356685 0.914647 0.00487673 0.402648
0000000317.000000 -107.79 3.91413 44.28 0.0355116 0.914412 0.00495137 0.403193
0000000318.000000 -105.892 3.84954 42.5111 0.0353544 0.914181 0.00502676 0.403729
0000000319.000000 -103.964 3.77964 40.7557 0.0351969 0.913954 0.00510296 0.404257
0000000320.000000 -102.03 3.69725 38.9909 0.0350393 0.91373 0.0051801 0.404775
0000000321.000000 -101.063 3.65453 38.1164 0.0348814 0.913508 0.00525772 0.405288
0000000322.000000 -99.1464 3.5872 36.3835 0.0347234 0.91329 0.00533614 0.405792
0000000323.000000 -97.2058 3.50864 34.6273 0.0345651 0.913075 0.00541547 0.406287
0000000324.000000 -95.2648 3.42841 32.8718 0.0344066 0.912865 0.00549574 0.406773
0000000325.000000 -93.299 3.3563 31.1118 0.0342478 0.912658 0.00557686 0.407249
0000000326.000000 -91.3281 3.28354 29.3542 0.0340887 0.912455 0.00565884 0.407715
0000000327.000000 -89.3973 3.2133 27.6174 0.0339295 0.912256 0.00574167 0.408173
0000000328.000000 -87.4283 3.13899 25.8795 0.03377 0.912061 0.00582539 0.408621
0000000329.000000 -85.4522 3.06329 24.1234 0.0336102 0.91187 0.00591001 0.409059
0000000330.000000 -83.4721 2.9856 22.3748 0.0334502 0.911683 0.00599557 0.409487
0000000331.000000 -81.4988 2.90274 20.628 0.03329 0.9115 0.00608213 0.409906
0000000332.000000 -79.537 2.81641 18.9096 0.0331295 0.911321 0.00616972 0.410316
0000000333.000000 -77.5466 2.75534 17.166 0.0329687 0.911146 0.00625809 0.410716
0000000334.000000 -75.5937 2.67711 15.4645 0.0328078 0.910975 0.00634741 0.411106
0000000335.000000 -73.6361 2.60912 13.7485 0.0326465 0.910808 0.00643758 0.411486
0000000336.000000 -71.7133 2.53185 12.0563 0.0324851 0.910646 0.00652871 0.411858
0000000337.000000 -69.7965 2.45389 10.3641 0.0323234 0.910487 0.00662083 0.41222
0000000338.000000 -67.8775 2.37976 8.67805 0.0321615 0.910332 0.00671388 0.412572
0000000339.000000 -65.9555 2.31759 6.97699 0.0319994 0.910182 0.00680776 0.412915
0000000340.000000 -64.9996 2.28976 6.13014 0.0318371 0.910033 0.00690201 0.413254
0000000341.000000 -63.0907 2.2077 4.46228 0.0349731 0.910292 0.00334359 0.412474
0000000342.000000 -61.1987 2.11698 2.79441 0.0348115 0.910152 0.003441 0.412795
0000000343.000000 -60.2592 2.07895 1.97412 0.0346499 0.910014 0.00353889 0.413111
0000000344.000000 -58.3865 1.98112 0.348764 0.0344879 0.909881 0.00363797 0.413418
0000000345.000000 -57.4669 1.92749 -0.442622 0.0343259 0.909749 0.0037377 0.41372
0000000346.000000 -55.6424 1.84488 -2.04299 0.0341635 0.909621 0.00383848 0.414014
0000000347.000000 -53.8611 1.74196 -3.58006 0.034001 0.909497 0.00394052 0.414298
0000000348.000000 -52.108 1.65771 -5.07739 0.0338381 0.909377 0.00404361 0.414574
0000000349.000000 -50.4061 1.56068 -6.53521 0.033675 0.909261 0.0041479 0.414841
0000000350.000000 -48.715 1.48124 -7.98576 0.0335117 0.909149 0.0042532 0.415099
0000000351.000000 -47.0801 1.40184 -9.41002 0.0333481 0.90904 0.00435952 0.41535
0000000352.000000 -45.5012 1.33315 -10.766 0.0331843 0.908934 0.00446674 0.415592
0000000353.000000 -43.974 1.26107 -12.0728 0.0330203 0.908832 0.00457489 0.415827
0000000354.000000 -42.5139 1.18459 -13.3193 0.0301572 0.907142 0.00533234 0.419708
0000000355.000000 -41.8104 1.15599 -13.9034 0.0299931 0.907044 0.00544183 0.419932
0000000356.000000 -41.1205 1.12466 -14.4665 0.0298289 0.906947 0.00555174 0.420151
0000000357.000000 -39.7783 1.05867 -15.5698 0.0291995 0.903628 0.0039161 0.427305
0000000358.000000 -38.4736 0.987535 -16.5985 0.0288587 0.897981 0.00236386 0.43908
0000000359.000000 -37.823 0.956237 -17.0696 0.0274926 0.894283 0.00231394 0.446651
0000000360.000000 -36.5241 0.894554 -17.9737 0.0259392 0.884792 0.00210043 0.465259
0000000361.000000 -35.2104 0.832806 -18.7676 0.0232688 0.87238 0.000958595 0.488273
0000000362.000000 -33.8732 0.778385 -19.4586 0.0202912 0.856503 0.000294169 0.515742
0000000363.000000 -32.5273 0.722313 -20.031 0.0162781 0.835843 -0.0032426 0.548718
0000000364.000000 -31.1499 0.676596 -20.4828 0.0120855 0.810616 -0.0050909 0.585431
0000000365.000000 -29.7682 0.614201 -20.7899 0.00718252 0.78289 -0.00754619 0.622072
0000000366.000000 -28.3834 0.578404 -20.9639 0.0061511 0.750313 -0.00727253 0.661014
0000000367.000000 -27.0022 0.533755 -20.9736 0.00247151 0.714402 -0.0062139 0.699703
0000000368.000000 -24.9909 0.476711 -20.7236 0.00280856 0.656072 -0.009841 0.754629
0000000369.000000 -23.7162 0.443823 -20.3802 0.00205694 0.615056 -0.0110614 0.788403
0000000370.000000 -22.4736 0.413698 -19.8992 -0.00298672 0.573311 -0.0129128 0.819231
0000000371.000000 -20.7551 0.371552 -18.9773 -0.00722018 0.51726 -0.0173449 0.855622
0000000372.000000 -19.1343 0.345085 -17.9296 -0.00631004 0.483148 -0.0274248 0.875087
0000000373.000000 -17.5393 0.301376 -16.8572 -0.00612738 0.472214 -0.0260525 0.881077
0000000374.000000 -15.9456 0.251348 -15.7945 -0.00619386 0.472211 -0.0258584 0.881085
0000000375.000000 -14.4163 0.200016 -14.7997 -0.0056686 0.478159 -0.0230472 0.877953
0000000376.000000 -12.9311 0.15494 -13.8897 -0.00286654 0.487497 -0.0185555 0.872923
0000000377.000000 -11.5458 0.0992287 -13.0585 -0.000750672 0.4965 -0.0168293 0.867873
0000000378.000000 -9.82189 0.0288991 -12.1031 0.000294469 0.507265 -0.0120141 0.861706
0000000379.000000 -8.02107 -0.0362858 -11.1468 -0.000541572 0.518311 -0.0102779 0.85513
0000000380.000000 -5.99628 -0.100729 -10.1137 0.0074967 0.520161 -0.0108436 0.853967
0000000381.000000 -4.20298 -0.175276 -8.88823 0.0125985 0.45379 -0.0164158 0.890868
0000000382.000000 -2.91353 -0.240331 -7.5936 0.00422275 0.375279 -0.0143705 0.926791
0000000383.000000 -1.83315 -0.269296 -6.05733 -0.000145499 0.297463 -0.0125197 0.954651
0000000384.000000 -1.02707 -0.264002 -4.46247 -0.00134554 0.225756 -0.00841762 0.974147
0000000385.000000 -0.522811 -0.252668 -3.0045 -0.00533077 0.170098 -0.0026053 0.985409
0000000386.000000 -0.121013 -0.246399 -1.31291 -0.00565934 0.110906 0.00626166 0.993795
0000000387.000000 0.105652 -0.228598 0.570593 -0.00463152 0.058721 0.00647829 0.998243
0000000388.000000 0.196801 -0.212381 1.94541 -0.00488163 0.0322201 0.00864136 0.999432
0000000389.000000 0.210253 -0.189988 4.15136 -0.00614537 0.00108706 0.00721978 0.999954
0000000390.000000 0.122851 -0.166044 6.527 -0.00679406 -0.0124712 0.00228641 0.999897
0000000391.000000 0.0502173 -0.140505 9.07109 -0.00676206 -0.0121993 0.00249771 0.9999
0000000392.000000 -0.0387421 -0.121052 11.7495 -0.00377693 -0.0128271 -0.000664073 0.99991
0000000393.000000 -0.0986406 -0.106433 13.6261 -0.00374755 -0.0125348 -0.000453688 0.999914
0000000394.000000 -0.158216 -0.0972539 15.537 -0.00371892 -0.0122342 -0.000243318 0.999918
0000000395.000000 -0.215527 -0.101307 17.4815 -0.00371892 -0.0122342 -0.000243318 0.999918
