0000000001.000000 7.61664e-17 7.02731e-17 -8.40124e-15 -1.21104e-16 -4.93102e-16 -9.24841e-17 1
0000000002.000000 -0.0153228 0.000714272 0.71596 -5.3802e-05 -0.000215718 -4.83182e-05 1
0000000003.000000 -0.0332328 -0.00553532 2.20833 0.000622251 -0.00485231 -0.000498432 0.999988
0000000004.000000 -0.0739087 -0.0119928 3.75194 0.000131468 -0.00958901 -0.00194331 0.999952
0000000005.000000 -0.156344 -0.0229804 6.16393 -0.00225959 -0.0149029 -0.00217846 0.999884
0000000006.000000 -0.253447 -0.026508 8.6463 -0.00223363 -0.0147909 -0.00222342 0.999886
0000000007.000000 -0.344577 -0.0382165 11.2207 -0.00218746 -0.0145445 -0.00226705 0.999889
0000000008.000000 -0.439499 -0.0513042 13.8778 -0.00212188 -0.0141552 -0.00230926 0.999895
0000000009.000000 -0.5401 -0.0587391 16.5783 -0.00202338 -0.0136077 -0.00234996 0.999903
0000000010.000000 -0.591469 -0.0692862 18.4051 -0.00191325 -0.0129843 -0.00238991 0.999911
0000000011.000000 -0.646423 -0.0738763 20.2517 -0.00177767 -0.0122733 -0.00242905 0.99992
0000000012.000000 -0.717476 -0.090577 23.0904 -0.00123194 -0.0112961 -0.00232066 0.999933
0000000013.000000 -0.775127 -0.122082 25.9601 -0.00107967 -0.0117661 -0.00223299 0.999928
0000000014.000000 -0.820385 -0.125025 27.9386 -0.00530541 -0.0136039 0.000747554 0.999893
0000000015.000000 -0.861708 -0.130964 29.9198 -0.00388776 -0.0174308 0.00574037 0.999824
0000000016.000000 -0.991977 -0.142066 32.9026 -0.00482368 -0.0190604 0.00554683 0.999791
0000000017.000000 -1.06568 -0.149651 34.876 -0.00535932 -0.0197233 0.00536817 0.999777
0000000018.000000 -1.20102 -0.15369 37.8141 -0.00925974 -0.0197516 0.00141946 0.999761
0000000019.000000 -1.33663 -0.129899 40.828 -0.00883743 -0.0177961 0.00127793 0.999802
0000000020.000000 -1.41916 -0.125568 42.8335 -0.00809031 -0.0149639 0.00115002 0.999855
0000000021.000000 -1.53179 -0.120965 45.7592 -0.00811566 -0.0147878 0.00117645 0.999857
0000000022.000000 -1.63517 -0.100213 48.6654 -0.00805559 -0.0152542 0.00120408 0.99985
0000000023.000000 -1.71807 -0.0989709 51.5129 -0.0080231 -0.0164678 0.00122547 0.999831
0000000024.000000 -1.8101 -0.0779268 54.3538 -0.013054 -0.0188462 0.00461067 0.999727
0000000025.000000 -1.9314 -0.0472698 57.1263 -0.00820684 -0.0209358 0.00229076 0.999745
0000000026.000000 -2.08034 -0.0459832 59.838 -0.00777634 -0.0223146 -0.0019951 0.999719
0000000027.000000 -2.21347 -0.0451452 62.4493 -0.00815437 -0.0216083 -0.00183872 0.999732
0000000028.000000 -2.34028 -0.0465029 64.9563 -0.00699256 -0.0206519 -0.00173471 0.999761
0000000029.000000 -2.49602 -0.0440427 68.0856 -0.0085574 -0.0233028 -0.00657458 0.99967
0000000030.000000 -2.6098 -0.0553023 70.227 -0.001598 -0.0255691 -0.00677417 0.999649
0000000031.000000 -2.71688 -0.0897454 72.1861 -0.0020671 -0.0268677 -0.00674113 0.999614
0000000032.000000 -2.83507 -0.123595 74.5864 0.000573031 -0.0243813 -0.00469863 0.999692
0000000033.000000 -2.88736 -0.152621 76.7419 -0.00500319 -0.00951352 -0.00129045 0.999941
0000000034.000000 -2.80137 -0.162933 78.7048 -0.00624812 0.0322733 -0.0039519 0.999452
0000000035.000000 -2.45244 -0.170978 80.4867 -0.00857088 0.104324 -0.00377345 0.994499
0000000036.000000 -1.57286 -0.184196 82.3521 -0.0052935 0.239302 -0.00627364 0.97091
0000000037.000000 0.0912915 -0.205423 83.9249 -0.0044826 0.424234 -0.00525029 0.905526
0000000038.000000 2.15553 -0.238988 84.7565 0.00061297 0.568353 -0.00383375 0.822776
0000000039.000000 3.64796 -0.265906 85.0509 0.00266881 0.628345 -0.00267942 0.777926
0000000040.000000 5.24364 -0.307388 85.199 0.0113313 0.666982 -0.0042767 0.744976
0000000041.000000 6.56669 -0.336746 85.2717 0.0112655 0.686898 -0.00644176 0.726638
0000000042.000000 8.02062 -0.383785 85.282 0.010976 0.701211 -0.00251488 0.712865
0000000043.000000 9.61241 -0.424126 85.2589 0.0139782 0.70952 -0.000848094 0.704547
0000000044.000000 11.3514 -0.469975 85.2081 0.0160658 0.714825 -0.000137683 0.699118
0000000045.000000 12.6093 -0.502331 85.1659 0.0160975 0.714405 -0.000277588 0.699547
0000000046.000000 14.6313 -0.557565 85.1068 0.0192398 0.714445 0.00355702 0.699418
0000000047.000000 16.8007 -0.613806 85.0674 0.021027 0.709759 0.00535416 0.70411
0000000048.000000 19.915 -0.695864 85.1016 0.0178994 0.70273 0.00645113 0.711203
0000000049.000000 22.334 -0.771123 85.1688 0.0175118 0.699523 -0.000629456 0.714395
0000000050.000000 24.798 -0.853962 85.255 0.0170663 0.700534 -0.000345427 0.713414
0000000051.000000 27.2756 -0.951817 85.3123 0.016434 0.702821 0.000186849 0.711176
0000000052.000000 30.5514 -1.06817 85.3666 0.0117317 0.706794 -0.00353638 0.707314
0000000053.000000 32.9891 -1.14399 85.3424 0.00869628 0.713172 -0.00325938 0.700928
0000000054.000000 35.4051 -1.21299 85.2539 0.00963022 0.722048 -0.00321886 0.691768
0000000055.000000 36.9997 -1.26554 85.1519 0.00950557 0.727746 -0.00321667 0.685774
0000000056.000000 38.5427 -1.31382 85.0294 0.00989946 0.734432 -0.00333703 0.678601
0000000057.000000 40.8135 -1.39009 84.7939 0.0114014 0.744238 -0.00382209 0.667806
0000000058.000000 43.051 -1.46403 84.5102 0.0124036 0.75334 -0.00294442 0.657508
0000000059.000000 45.1815 -1.5348 84.1805 0.0139221 0.758775 0.00154047 0.651202
0000000060.000000 46.5416 -1.57975 83.9691 0.0141462 0.75879 0.00154082 0.65118
0000000061.000000 47.8295 -1.61986 83.7615 0.0143965 0.758844 0.00151212 0.651112
0000000062.000000 49.6375 -1.69332 83.5073 0.0158278 0.753665 0.000747882 0.657067
0000000063.000000 51.8217 -1.78632 83.3372 0.01587 0.732634 -0.00243693 0.680434
0000000064.000000 53.8583 -1.87431 83.4089 0.0147308 0.688976 -0.00549355 0.724614
0000000065.000000 55.7928 -1.95429 83.8241 0.00587386 0.616125 -0.00485294 0.787612
0000000066.000000 57.191 -1.99333 84.4102 0.00994699 0.540243 -0.00493394 0.841436
0000000067.000000 57.993 -2.03056 84.9494 0.0136589 0.481539 -0.00733109 0.876288
0000000068.000000 58.6837 -2.05516 85.5824 0.0149382 0.419107 -0.00989577 0.90776
0000000069.000000 59.2782 -2.08335 86.3094 0.0123757 0.356392 -0.00907467 0.93421
0000000070.000000 59.9589 -2.11674 87.5415 0.00265401 0.26405 -0.00678095 0.964481
0000000071.000000 60.6507 -2.15427 89.7469 -0.00373498 0.158092 -0.0151773 0.987301
0000000072.000000 61.3594 -2.17215 92.6993 -0.00224192 0.12342 -0.0222754 0.992102
0000000073.000000 61.9254 -2.20055 94.8354 0.00668942 0.128406 -0.0209394 0.991478
0000000074.000000 62.5713 -2.24353 97.2008 -0.000856254 0.137704 -0.0215582 0.990238
0000000075.000000 63.3115 -2.27715 99.7125 0.0022196 0.141192 -0.0153209 0.989861
0000000076.000000 63.871 -2.30231 101.715 0.00529087 0.138362 -0.0168569 0.990224
0000000077.000000 64.4585 -2.34338 103.858 -0.00126438 0.135538 -0.017281 0.990621
0000000078.000000 65.0393 -2.36954 106.076 0.00523035 0.130722 -0.019512 0.991213
0000000079.000000 65.8335 -2.42788 109.18 0.00148007 0.125503 -0.0144066 0.991987
0000000080.000000 66.4456 -2.4602 111.574 0.00152626 0.125552 -0.0143886 0.991982
0000000081.000000 67.473 -2.54518 115.689 0.0014696 0.130547 -0.0262302 0.991094
0000000082.000000 68.156 -2.59857 118.164 0.0039711 0.132323 -0.0188051 0.99102
0000000083.000000 69.0353 -2.6785 121.485 -0.00321891 0.135176 -0.0234717 0.990538
0000000084.000000 69.9523 -2.76092 124.731 0.00804165 0.135038 -0.0172671 0.990657
0000000085.000000 70.6126 -2.80528 127.171 -0.00687711 0.133443 -0.0156548 0.990909
0000000086.000000 71.4454 -2.87439 130.348 0.00445504 0.129639 -0.0168534 0.991408
0000000087.000000 72.0335 -2.94201 132.746 0.00559316 0.124051 -0.0194373 0.99207
0000000088.000000 72.5982 -3.00917 135.119 0.00183471 0.121459 -0.0226941 0.992335
0000000089.000000 72.9779 -3.05117 136.687 0.00184473 0.121468 -0.0226722 0.992335
0000000090.000000 73.3553 -3.0811 138.244 0.00489647 0.115844 -0.0187364 0.993079
0000000091.000000 73.7115 -3.10197 139.814 -0.00146238 0.109342 -0.0169992 0.993858
0000000092.000000 74.182 -3.12701 142.19 -0.00554806 0.103332 -0.0205915 0.994418
0000000093.000000 74.7418 -3.16885 145.333 -0.00025765 0.0895765 -0.0220325 0.995736
0000000094.000000 75.2072 -3.21715 148.555 0.00319016 0.0723701 -0.0254467 0.997048
0000000095.000000 75.5841 -3.25154 151.827 -0.00588434 0.0575169 -0.0283945 0.997923
0000000096.000000 75.817 -3.2741 154.263 0.000921096 0.0511218 -0.0333499 0.998135
0000000097.000000 76.0279 -3.29586 156.761 -0.00604546 0.0468461 -0.0355736 0.99825
0000000098.000000 76.3021 -3.31325 160.028 -0.000313213 0.0361903 -0.0268265 0.998985
0000000099.000000 76.4679 -3.32462 163.343 -0.00770124 0.0224922 -0.0204793 0.999508
0000000100.000000 76.5926 -3.35032 167.526 -0.000652873 0.0059269 -0.00906433 0.999941
0000000101.000000 76.5488 -3.34893 170.889 -0.00431429 -0.0019859 -0.0171431 0.999842
0000000102.000000 76.5061 -3.36813 174.272 -0.004353 -0.00201855 -0.0171181 0.999842
0000000103.000000 76.4876 -3.3855 177.641 0.00356736 -0.00516908 -0.0116232 0.999913
0000000104.000000 76.4331 -3.43051 181.051 -0.00375052 -0.00802929 -0.0104999 0.999906
0000000105.000000 76.3513 -3.46672 184.423 -0.000252951 -0.00861706 -0.0149823 0.999851
0000000106.000000 76.2744 -3.49336 186.918 -0.00315603 -0.00920415 -0.020159 0.999749
0000000107.000000 76.2335 -3.50988 188.548 0.00136331 -0.00993801 -0.0205389 0.999739
0000000108.000000 76.1887 -3.51765 190.162 -0.00350429 -0.0116995 -0.0210921 0.999703
0000000109.000000 76.1097 -3.53632 193.255 -0.00356871 -0.0117466 -0.0210671 0.999703
0000000110.000000 76.0709 -3.57153 195.33 0.00328537 -0.0101267 -0.0175353 0.99979
0000000111.000000 76.018 -3.60887 198.047 -0.0053254 0.00114504 -0.0223305 0.999736
0000000112.000000 76.091 -3.6486 201.272 0.00599177 0.0183422 -0.0236072 0.999535
0000000113.000000 76.2826 -3.70562 204.503 -0.00146949 0.0292526 -0.0173742 0.99942
0000000114.000000 76.4378 -3.73577 207.759 0.00159445 0.0282609 -0.0249663 0.999287
0000000115.000000 76.5479 -3.76573 210.406 -0.000912976 0.021642 -0.0252914 0.999445
0000000116.000000 76.6339 -3.76903 213.118 -0.00879016 0.0146403 -0.0207323 0.999639
0000000117.000000 76.7379 -3.7664 216.61 -0.00800552 0.00944457 -0.00681057 0.9999
0000000118.000000 76.8181 -3.76302 219.374 -0.00525713 0.00731785 0.00197278 0.999957
0000000119.000000 76.843 -3.76935 221.46 -0.00536234 0.00724787 0.00199688 0.999957
0000000120.000000 76.8642 -3.78181 222.814 0.00297884 0.00709688 0.00394279 0.999963
0000000121.000000 76.881 -3.80895 224.818 0.00286877 0.00702456 0.0039675 0.999963
0000000122.000000 76.9171 -3.84384 226.68 -0.00525119 0.00629325 0.00484895 0.999955
0000000123.000000 76.8873 -3.86746 229.482 -0.00190795 -0.0143022 0.0133023 0.999807
0000000124.000000 76.5644 -3.90226 231.945 -0.00442881 -0.0775093 0.016015 0.996853
0000000125.000000 75.7842 -3.92556 234.059 0.00327501 -0.18642 0.00230575 0.982462
0000000126.000000 74.1993 -3.92785 236.052 -0.00340388 -0.350679 -0.0278878 0.936074
0000000127.000000 72.8136 -3.87149 237 -0.0137237 -0.453004 -0.0389283 0.890553
0000000128.000000 70.8984 -3.7359 237.756 -0.0131616 -0.575899 -0.0260549 0.816999
0000000129.000000 69.562 -3.66965 237.992 -0.0142689 -0.63264 -0.0258959 0.773882
0000000130.000000 68.1013 -3.60203 238.099 -0.0124769 -0.67287 -0.0247947 0.739239
0000000131.000000 66.5516 -3.53167 238.102 -0.00922323 -0.696538 -0.0251531 0.717019
0000000132.000000 64.2617 -3.42964 238.072 -0.00543896 -0.708808 -0.0259884 0.704902
0000000133.000000 61.6689 -3.3257 238.04 -0.00550908 -0.70839 -0.0263168 0.705309
0000000134.000000 59.5391 -3.23632 238.032 -0.00564764 -0.707812 -0.0267201 0.705872
0000000135.000000 57.204 -3.13347 238.023 -0.00550978 -0.705884 -0.0264417 0.707813
0000000136.000000 54.681 -3.02575 238.034 -0.00545359 -0.704959 -0.0262036 0.708743
0000000137.000000 52.0444 -2.91431 238.044 -0.0110223 -0.703788 -0.0284349 0.709756
0000000138.000000 49.4009 -2.80548 238.059 -0.0111443 -0.704953 -0.0283062 0.708601
0000000139.000000 46.7575 -2.68267 238.063 -0.0172558 -0.709853 -0.0294211 0.703524
0000000140.000000 44.0711 -2.53262 238.016 -0.0193742 -0.714979 -0.0284158 0.698299
0000000141.000000 41.42 -2.39205 237.911 -0.019279 -0.716107 -0.0284241 0.697145
0000000142.000000 38.7746 -2.25774 237.815 -0.0127384 -0.71711 -0.0297917 0.696206
0000000143.000000 37.0196 -2.17259 237.756 -0.0127177 -0.716258 -0.0299489 0.697077
0000000144.000000 35.2866 -2.09369 237.707 -0.0126806 -0.714575 -0.030115 0.698796
0000000145.000000 33.6269 -2.01961 237.677 -0.0169524 -0.71224 -0.0289156 0.701136
0000000146.000000 31.9878 -1.93844 237.66 -0.0170515 -0.711534 -0.0292827 0.701834
0000000147.000000 30.3517 -1.85474 237.64 -0.0169517 -0.711155 -0.0294374 0.702214
0000000148.000000 27.8996 -1.72265 237.588 -0.0195976 -0.71167 -0.033621 0.701435
0000000149.000000 24.6721 -1.52286 237.497 -0.0139117 -0.716907 -0.0305927 0.696358
0000000150.000000 22.2695 -1.40206 237.383 -0.0128436 -0.720108 -0.0331949 0.692948
0000000151.000000 20.6721 -1.31773 237.296 -0.0118598 -0.721967 -0.0374325 0.690812
0000000152.000000 18.352 -1.18863 237.147 -0.00656916 -0.723924 -0.0415226 0.688598
0000000153.000000 16.1212 -1.06921 237.017 -0.00669523 -0.724451 -0.041484 0.688045
0000000154.000000 13.321 -0.922863 236.862 -0.00506094 -0.72418 -0.0448444 0.688133
0000000155.000000 11.4227 -0.824642 236.757 -0.0037391 -0.721451 -0.0448685 0.691
0000000156.000000 10.2279 -0.761281 236.71 -0.00379277 -0.721763 -0.0447741 0.69068
0000000157.000000 9.0863 -0.697287 236.665 -0.0038376 -0.722014 -0.0446732 0.690424
0000000158.000000 8.02064 -0.644441 236.629 -0.0038865 -0.72222 -0.0445779 0.690215
0000000159.000000 7.02623 -0.59181 236.597 -0.00474576 -0.719342 -0.0442077 0.693232
0000000160.000000 4.806 -0.474437 236.55 -0.00725084 -0.710947 -0.0449685 0.701769
0000000161.000000 2.16219 -0.329223 236.627 -0.00840419 -0.696156 -0.0412691 0.716654
0000000162.000000 -0.451004 -0.220747 236.819 0.00310964 -0.671689 -0.0277737 0.740306
0000000163.000000 -2.46816 -0.179943 237.405 -0.00388229 -0.589479 -0.0270546 0.807321
0000000164.000000 -4.13788 -0.137216 238.482 -0.00745469 -0.461583 -0.0332842 0.886441
0000000165.000000 -5.12678 -0.109759 239.653 0.00180805 -0.347333 -0.0295974 0.937273
0000000166.000000 -5.88901 -0.107408 241.243 0.0026744 -0.223567 -0.024325 0.974381
0000000167.000000 -6.26613 -0.121798 242.666 0.0075954 -0.142131 -0.0207774 0.989601
0000000168.000000 -6.49059 -0.157133 244.284 0.0101419 -0.0765214 -0.0195633 0.996824
0000000169.000000 -6.61487 -0.201 246.064 0.0106291 -0.0347313 -0.0156005 0.999218
0000000170.000000 -6.68788 -0.271018 248.684 0.0119514 -0.010909 -0.0138256 0.999773
0000000171.000000 -6.70359 -0.336876 250.795 0.0127171 -0.00507844 -0.0124012 0.999829
0000000172.000000 -6.71831 -0.38028 252.299 0.01229 -0.00667856 -0.0120692 0.999829
0000000173.000000 -6.75887 -0.454038 254.624 0.0113815 -0.00947803 -0.0117658 0.999821
0000000174.000000 -6.80621 -0.505597 256.282 0.0162707 -0.0126699 -0.0130566 0.999702
0000000175.000000 -6.90039 -0.580497 258.865 0.0163219 -0.0133387 -0.013996 0.99968
0000000176.000000 -6.98301 -0.679109 261.565 0.00995826 -0.0128617 -0.0115426 0.999801
0000000177.000000 -7.06437 -0.767352 264.356 0.0195318 -0.0136977 -0.0101848 0.999664
0000000178.000000 -7.15358 -0.90041 267.276 0.0198746 -0.0110966 -0.0110583 0.99968
0000000179.000000 -7.23131 -1.03219 270.276 0.0159877 -0.00994973 -0.00950736 0.999777
0000000180.000000 -7.27859 -1.11613 272.312 0.0164391 -0.00965613 -0.00869615 0.99978
0000000181.000000 -7.30616 -1.19556 274.38 0.016608 -0.00942405 -0.00788741 0.999787
0000000182.000000 -7.36066 -1.28092 276.472 0.0165077 -0.0093498 -0.00708692 0.999795
0000000183.000000 -7.40197 -1.38181 278.573 0.0198349 -0.0115014 -0.00436716 0.999728
0000000184.000000 -7.47254 -1.48906 280.674 0.0187452 -0.0122868 -0.00460128 0.999738
0000000185.000000 -7.53642 -1.58671 282.785 0.0179079 -0.0129528 -0.00482751 0.999744
0000000186.000000 -7.61846 -1.67538 284.892 0.0132007 -0.014677 -0.00685982 0.999782
0000000187.000000 -7.69396 -1.75782 287.001 0.0128526 -0.0151298 -0.00707081 0.999778
0000000188.000000 -7.75773 -1.84957 289.068 0.0127551 -0.0154603 -0.00727411 0.999773
0000000189.000000 -7.86707 -1.97105 292.15 0.0130155 -0.0156225 -0.00746595 0.999765
0000000190.000000 -7.9837 -2.07921 295.225 0.0136169 -0.0156245 -0.00764689 0.999756
0000000191.000000 -8.06133 -2.15468 297.258 0.00975933 -0.0144593 -0.00983878 0.999799
0000000192.000000 -8.13589 -2.22802 299.265 0.0100876 -0.014114 -0.0100626 0.999799
0000000193.000000 -8.22009 -2.28581 301.266 0.0142928 -0.0132636 -0.0129691 0.999726
0000000194.000000 -8.31911 -2.41135 304.264 0.0141394 -0.0132385 -0.0132122 0.999725
0000000195.000000 -8.38416 -2.48364 306.269 0.0137948 -0.0133876 -0.0134627 0.999725
0000000196.000000 -8.4493 -2.5624 308.319 0.0144265 -0.0113791 -0.0134327 0.999741
0000000197.000000 -8.4973 -2.64162 310.38 0.0148218 -0.0102952 -0.013428 0.999747
0000000198.000000 -8.55003 -2.71986 312.457 0.0149831 -0.0101315 -0.013448 0.999746
0000000199.000000 -8.60066 -2.80809 314.567 0.0148966 -0.0109055 -0.0134966 0.999738
0000000200.000000 -8.65688 -2.89374 316.698 0.014564 -0.0126246 -0.0135727 0.999722
0000000201.000000 -8.715 -2.97122 318.849 0.0139928 -0.0153045 -0.0136725 0.999691
0000000202.000000 -8.80162 -3.05584 321.05 0.0139844 -0.0160518 -0.013584 0.999681
0000000203.000000 -8.88496 -3.14237 323.232 0.0139592 -0.0161787 -0.0134797 0.999681
0000000204.000000 -8.95943 -3.23581 325.405 0.0139843 -0.0155887 -0.0133541 0.999692
0000000205.000000 -9.03372 -3.32198 327.564 0.0139742 -0.0143186 -0.0132116 0.999713
0000000206.000000 -9.10128 -3.40571 329.711 0.0138964 -0.0123634 -0.0130535 0.999742
0000000207.000000 -9.15186 -3.48903 331.755 0.0121437 -0.0121981 -0.0131476 0.999765
0000000208.000000 -9.2063 -3.56081 333.786 0.0114623 -0.0121168 -0.0132277 0.999773
0000000209.000000 -9.2617 -3.62916 335.784 0.011807 -0.0120969 -0.0132929 0.999769
0000000210.000000 -9.34868 -3.74021 338.751 0.00995822 -0.0136266 -0.010592 0.999801
0000000211.000000 -9.44215 -3.84677 341.628 0.013171 -0.0136119 -0.0106073 0.999764
0000000212.000000 -9.53075 -3.95913 344.438 0.0126773 -0.0140538 -0.0105859 0.999765
0000000213.000000 -9.63706 -4.07053 347.162 0.0120658 -0.0144981 -0.0105675 0.999766
0000000214.000000 -9.71944 -4.17466 349.746 0.0113429 -0.0149672 -0.0105517 0.999768
0000000215.000000 -9.78227 -4.27079 352.167 0.0105156 -0.0154776 -0.0105381 0.999769
0000000216.000000 -9.82175 -4.32809 353.663 0.00962442 -0.0160139 -0.0105259 0.99977
0000000217.000000 -9.87272 -4.41535 355.73 0.00991188 -0.0173911 -0.0106044 0.999743
0000000218.000000 -9.94508 -4.48861 357.635 0.0100323 -0.0181256 -0.0106672 0.999728
0000000219.000000 -10.0471 -4.56802 359.861 0.00994507 -0.0181369 -0.010716 0.999729
0000000220.000000 -10.191 -4.64452 361.757 0.0130587 -0.0386636 -0.0120025 0.999095
0000000221.000000 -10.5397 -4.70833 363.496 0.00900357 -0.0857545 -0.0161525 0.996145
0000000222.000000 -11.1218 -4.73576 365.068 0.00380871 -0.166316 -0.0199959 0.985862
0000000223.000000 -11.9458 -4.73597 366.415 -0.00398721 -0.262854 -0.0249672 0.964504
0000000224.000000 -13.0882 -4.69688 367.64 -0.0143108 -0.374953 -0.026083 0.926566
0000000225.000000 -15.1026 -4.57308 368.877 -0.0217607 -0.522718 -0.0146838 0.852102
0000000226.000000 -16.606 -4.49292 369.293 -0.0232811 -0.608271 -0.00649634 0.793361
0000000227.000000 -18.2686 -4.41009 369.365 -0.0256715 -0.67674 -0.019312 0.735521
0000000228.000000 -20.0152 -4.2948 369.273 -0.0240882 -0.718606 -0.030084 0.694348
0000000229.000000 -21.8477 -4.17017 369.08 -0.0232873 -0.733352 -0.034879 0.678554
0000000230.000000 -23.7222 -4.02959 368.893 -0.0140931 -0.735338 -0.0262955 0.677044
0000000231.000000 -25.7284 -3.91623 368.737 -0.0198076 -0.733446 -0.0294752 0.678819
0000000232.000000 -27.8358 -3.78212 368.558 -0.0147732 -0.730955 -0.0325508 0.681489
0000000233.000000 -29.3048 -3.68765 368.462 -0.0120484 -0.727495 -0.0338844 0.685169
0000000234.000000 -30.8385 -3.58693 368.375 -0.0118581 -0.724236 -0.0372259 0.688445
0000000235.000000 -32.4401 -3.48484 368.294 -0.01077 -0.724349 -0.0360468 0.688406
0000000236.000000 -34.9879 -3.31443 368.185 -0.0110413 -0.721513 -0.0335768 0.691498
0000000237.000000 -37.7079 -3.14487 368.081 -0.015896 -0.719378 -0.035945 0.693506
0000000238.000000 -40.4901 -2.97723 367.977 -0.0121618 -0.718339 -0.0338299 0.694764
0000000239.000000 -43.3047 -2.82244 367.876 -0.0132156 -0.718657 -0.03476 0.69437
0000000240.000000 -45.1994 -2.71943 367.795 -0.0146691 -0.718827 -0.0361167 0.694095
0000000241.000000 -47.0121 -2.61091 367.714 -0.0147513 -0.719088 -0.0363868 0.693809
0000000242.000000 -48.8203 -2.50159 367.643 -0.0147975 -0.71928 -0.0366227 0.693597
0000000243.000000 -50.6178 -2.39351 367.564 -0.0148147 -0.719381 -0.0368327 0.693481
0000000244.000000 -52.4229 -2.27182 367.469 -0.0166619 -0.721888 -0.0397149 0.690668
0000000245.000000 -54.2165 -2.15198 367.362 -0.014519 -0.72406 -0.0423321 0.688284
0000000246.000000 -55.9878 -2.03325 367.25 -0.0143592 -0.72363 -0.0423804 0.688736
0000000247.000000 -58.6785 -1.84513 367.101 -0.0150777 -0.722556 -0.0430586 0.689805
0000000248.000000 -61.3302 -1.65514 366.956 -0.0152823 -0.721913 -0.0431635 0.690467
0000000249.000000 -63.0981 -1.52655 366.873 -0.0151419 -0.721566 -0.0428867 0.690851
0000000250.000000 -65.7552 -1.33509 366.772 -0.0152662 -0.716395 -0.0436878 0.696158
0000000251.000000 -68.3817 -1.15233 366.717 -0.0133537 -0.711649 -0.0409997 0.701211
0000000252.000000 -70.965 -0.986579 366.712 -0.00988114 -0.708935 -0.0383606 0.704161
0000000253.000000 -73.5573 -0.843641 366.706 -0.010566 -0.705214 -0.0395449 0.707812
0000000254.000000 -76.0762 -0.707641 366.724 -0.0131821 -0.701966 -0.0377832 0.711085
0000000255.000000 -78.4292 -0.585548 366.757 -0.0148941 -0.700905 -0.0398592 0.711984
0000000256.000000 -80.6034 -0.461946 366.784 -0.0194759 -0.699975 -0.0393091 0.712818
0000000257.000000 -82.5845 -0.329194 366.791 -0.0250314 -0.705076 -0.0403449 0.70754
0000000258.000000 -85.0095 -0.143681 366.755 -0.0249574 -0.714713 -0.0380739 0.697935
0000000259.000000 -87.9575 0.0776514 366.564 -0.0211624 -0.726142 -0.0345021 0.686353
0000000260.000000 -90.9264 0.280356 366.324 -0.0153805 -0.734831 -0.0300945 0.677407
0000000261.000000 -94.039 0.447972 365.994 -0.0105269 -0.738833 -0.031416 0.673073
0000000262.000000 -96.6976 0.604 365.73 -0.0129296 -0.738733 -0.0358649 0.672919
0000000263.000000 -98.8609 0.766347 365.538 -0.0188405 -0.737115 -0.0477425 0.673816
0000000264.000000 -100.343 0.875095 365.4 -0.00817315 -0.735949 -0.041272 0.675728
0000000265.000000 -101.895 1.01141 365.275 -0.0104877 -0.734815 -0.0440161 0.676756
0000000266.000000 -103.487 1.13086 365.153 -0.0191622 -0.73167 -0.0520947 0.679396
0000000267.000000 -105.927 1.33764 364.982 -0.00507704 -0.728734 -0.03947 0.68364
0000000268.000000 -107.653 1.45338 364.851 -0.00580058 -0.72462 -0.0490976 0.687373
0000000269.000000 -109.429 1.57299 364.761 -0.00155586 -0.719704 -0.0490613 0.692543
0000000270.000000 -111.246 1.67959 364.713 0.00289572 -0.714638 -0.0375864 0.698477
0000000271.000000 -113.142 1.7851 364.707 -0.00543125 -0.709384 -0.0410793 0.703604
0000000272.000000 -115.072 1.90525 364.712 -0.0107276 -0.705252 -0.0435324 0.707538
0000000273.000000 -117.041 2.03659 364.731 -0.00884579 -0.702752 -0.0398071 0.710266
0000000274.000000 -119.035 2.16459 364.756 -0.00876707 -0.702436 -0.039658 0.710587
0000000275.000000 -121.046 2.28568 364.767 -0.00874816 -0.702326 -0.039558 0.710702
0000000276.000000 -123.057 2.40316 364.772 -0.00878215 -0.702437 -0.0395006 0.710595
0000000277.000000 -126.038 2.55245 364.793 -0.00735054 -0.706802 -0.0292789 0.706768
0000000278.000000 -129.013 2.69011 364.769 -0.0128774 -0.710529 -0.0334171 0.702756
0000000279.000000 -130.938 2.7909 364.715 -0.00770816 -0.713384 -0.0342006 0.699896
0000000280.000000 -132.863 2.88212 364.665 -0.00782453 -0.713936 -0.0345222 0.699316
0000000281.000000 -134.777 2.98037 364.612 -0.0126098 -0.715216 -0.0353487 0.697895
0000000282.000000 -136.682 3.09631 364.556 -0.0171284 -0.716846 -0.0384046 0.695962
0000000283.000000 -138.568 3.21213 364.475 -0.0121414 -0.71831 -0.0365366 0.694657
0000000284.000000 -139.501 3.27007 364.436 -0.0116139 -0.716742 -0.036298 0.696296
0000000285.000000 -141.412 3.38285 364.371 -0.0120248 -0.716395 -0.0366631 0.696628
0000000286.000000 -143.316 3.49271 364.309 -0.0123294 -0.716198 -0.0369105 0.696811
0000000287.000000 -145.203 3.6019 364.251 -0.0125282 -0.71615 -0.0370413 0.69685
0000000288.000000 -147.068 3.7046 364.184 -0.0126198 -0.716255 -0.0370536 0.69674
0000000289.000000 -148.922 3.80397 364.136 -0.0126023 -0.716501 -0.0369486 0.696493
0000000290.000000 -151.699 3.96595 364.058 -0.0124294 -0.716963 -0.0366733 0.696035
0000000291.000000 -154.4 4.12993 363.98 -0.0160895 -0.716376 -0.0385319 0.696464
0000000292.000000 -157.046 4.29312 363.91 -0.0160325 -0.717466 -0.0381874 0.695362
0000000293.000000 -159.528 4.44532 363.827 -0.0160267 -0.717564 -0.0379435 0.695274
0000000294.000000 -161.83 4.5782 363.754 -0.0167885 -0.716911 -0.0330351 0.69618
0000000295.000000 -163.271 4.6527 363.711 -0.022609 -0.716367 -0.0348434 0.696486
0000000296.000000 -165.258 4.76292 363.635 -0.0146942 -0.717262 -0.0292367 0.696035
0000000297.000000 -167.075 4.85338 363.537 -0.0142882 -0.721098 -0.0345511 0.691824
0000000298.000000 -168.814 4.95354 363.446 -0.0166404 -0.730058 -0.0344299 0.682314
0000000299.000000 -170.94 5.07596 363.122 -0.0178115 -0.761329 -0.0309307 0.647383
0000000300.000000 -172.921 5.19612 362.486 -0.0217281 -0.813905 -0.0293797 0.579848
0000000301.000000 -174.971 5.34832 361.183 0.0258045 0.88962 0.0307897 -0.454932
0000000302.000000 -176.302 5.50141 359.617 0.0273135 0.943327 0.031473 -0.329238
0000000303.000000 -176.791 5.59102 358.638 0.025472 0.963549 0.032473 -0.26433
0000000304.000000 -177.359 5.69779 357.068 0.0321019 0.985167 0.0330622 -0.165293
0000000305.000000 -177.665 5.80432 355.328 0.0311128 0.99531 0.0312498 -0.0861032
0000000306.000000 -177.746 5.8773 354.088 0.0274846 0.997699 0.0314701 -0.0534003
0000000307.000000 -177.813 5.95003 352.813 0.0287422 0.998512 0.0314632 -0.0340319
0000000308.000000 -177.864 6.04589 350.855 0.0340332 0.99914 0.0202897 -0.0122242
0000000309.000000 -177.818 6.12341 348.77 0.0317694 0.999277 0.0192084 0.00814147
0000000310.000000 -177.731 6.19868 346.571 0.029241 0.999247 0.0184086 0.0176658
0000000311.000000 -177.617 6.27596 344.232 0.02914 0.999091 0.0190852 0.0245873
0000000312.000000 -177.437 6.36336 341.784 0.0257804 0.998922 0.0218714 0.0318111
0000000313.000000 -177.302 6.42001 340.095 0.0239965 0.998919 0.0191319 0.0349223
0000000314.000000 -177.163 6.46987 338.366 0.0240225 0.998915 0.0192176 0.0349737
0000000315.000000 -177.03 6.52914 336.571 0.0240485 0.99891 0.0193006 0.0350293
0000000316.000000 -176.962 6.55378 335.665 0.0240747 0.998906 0.0193824 0.035087
0000000317.000000 -176.892 6.58176 334.748 0.0241009 0.998902 0.019463 0.0351467
0000000318.000000 -176.826 6.61507 333.827 0.0241273 0.998898 0.0195421 0.0352087
0000000319.000000 -176.751 6.6344 332.897 0.0241537 0.998893 0.0196203 0.0352727
0000000320.000000 -176.614 6.69433 331.032 0.0244916 0.998871 0.023789 0.033029
0000000321.000000 -176.421 6.80486 328.248 0.0227231 0.998893 0.0284219 0.0298076
0000000322.000000 -176.305 6.8877 326.372 0.0227491 0.998888 0.0284893 0.0298885
0000000323.000000 -176.189 6.97386 324.508 0.0227753 0.998883 0.0285533 0.0299747
0000000324.000000 -176.087 7.05257 322.647 0.0228017 0.998878 0.028614 0.0300664
0000000325.000000 -175.953 7.13698 320.797 0.0187296 0.999051 0.027309 0.0282941
0000000326.000000 -175.836 7.22234 318.933 0.0187564 0.999046 0.0273625 0.0283958
0000000327.000000 -175.708 7.31079 317.041 0.0187835 0.999041 0.0274124 0.0285023
0000000328.000000 -175.623 7.4008 315.123 0.0255182 0.998998 0.0258907 0.0260924
0000000329.000000 -175.519 7.48938 313.204 0.0255458 0.998993 0.0259343 0.026211
0000000330.000000 -175.412 7.57226 311.288 0.0271311 0.998809 0.0309197 0.0262208
0000000331.000000 -175.225 7.68653 308.466 0.0232771 0.999082 0.0224456 0.0281136
0000000332.000000 -175.107 7.74417 306.573 0.0233059 0.999076 0.0224783 0.0282508
0000000333.000000 -174.988 7.80691 304.686 0.0233348 0.999071 0.0225084 0.0283934
0000000334.000000 -174.877 7.86065 302.818 0.0233638 0.999065 0.0225361 0.0285415
0000000335.000000 -174.771 7.91614 300.964 0.0233929 0.99906 0.0225614 0.0286952
0000000336.000000 -174.667 7.97624 299.112 0.0234222 0.999054 0.0225841 0.0288545
0000000337.000000 -174.546 8.04418 297.246 0.0234516 0.999048 0.022604 0.029019
0000000338.000000 -174.438 8.10465 295.402 0.0234811 0.999042 0.0226213 0.0291891
0000000339.000000 -174.262 8.19439 292.614 0.0292583 0.998771 0.0216498 0.0336492
0000000340.000000 -174.025 8.27242 289.846 0.0268305 0.998659 0.0190735 0.0399566
0000000341.000000 -173.858 8.32609 287.972 0.0266059 0.998502 0.0240252 0.0413434
0000000342.000000 -173.694 8.39778 286.073 0.026636 0.998493 0.02403 0.0415352
0000000343.000000 -173.536 8.46054 284.207 0.0312121 0.99845 0.0186854 0.0421173
0000000344.000000 -173.373 8.51667 282.305 0.0297884 0.998345 0.0250085 0.0423499
0000000345.000000 -173.125 8.63306 279.424 0.0298189 0.998336 0.0250039 0.0425564
0000000346.000000 -172.956 8.70778 277.499 0.0298496 0.998326 0.0249963 0.0427671
0000000347.000000 -172.802 8.78827 275.544 0.0317623 0.99824 0.0291702 0.0407185
0000000348.000000 -172.623 8.86736 273.591 0.0317925 0.99823 0.0291565 0.0409382
0000000349.000000 -172.455 8.95352 271.621 0.031823 0.99822 0.0291394 0.0411624
0000000350.000000 -172.358 8.99926 270.637 0.0318535 0.998211 0.0291204 0.0413885
0000000351.000000 -172.266 9.04551 269.644 0.0318842 0.998201 0.0290996 0.0416167
0000000352.000000 -172.169 9.09174 268.658 0.0319151 0.998191 0.0290769 0.0418468
0000000353.000000 -172.08 9.12654 267.675 0.031946 0.998181 0.0290527 0.0420789
0000000354.000000 -171.9 9.21242 265.727 0.0314558 0.998311 0.0229528 0.0431255
0000000355.000000 -171.802 9.24311 264.728 0.0314884 0.9983 0.0229236 0.0433636
0000000356.000000 -171.712 9.27661 263.751 0.0315212 0.998289 0.022893 0.0436038
0000000357.000000 -171.506 9.344 261.761 0.0275573 0.998246 0.0247999 0.0461637
0000000358.000000 -171.302 9.40012 259.775 0.0302513 0.998282 0.0148687 0.0479296
0000000359.000000 -171.209 9.41818 258.783 0.0322042 0.998213 0.0098138 0.0493627
0000000360.000000 -171.11 9.42824 257.781 0.0322404 0.9982 0.00977599 0.0496138
0000000361.000000 -171 9.4324 256.774 0.0323666 0.998081 0.0155602 0.050442
0000000362.000000 -170.894 9.45562 255.759 0.0315082 0.997961 0.0212531 0.0512742
0000000363.000000 -170.677 9.51638 253.736 0.0315416 0.997948 0.0212106 0.0515329
0000000364.000000 -170.572 9.53759 252.752 0.0315751 0.997934 0.021167 0.0517933
0000000365.000000 -170.473 9.56869 251.761 0.0316087 0.99792 0.0211221 0.0520558
0000000366.000000 -170.371 9.58858 250.788 0.0316423 0.997906 0.0210761 0.0523201
0000000367.000000 -170.173 9.63899 248.812 0.031676 0.997892 0.0210276 0.0525885
0000000368.000000 -169.962 9.69556 246.851 0.0317099 0.997878 0.0209766 0.0528606
0000000369.000000 -169.751 9.74375 244.91 0.031744 0.997863 0.0209231 0.0531363
0000000370.000000 -169.641 9.76592 243.948 0.0317781 0.997849 0.0208685 0.0534135
0000000371.000000 -169.434 9.82119 242.037 0.0318123 0.997834 0.0208114 0.0536944
0000000372.000000 -169.231 9.86311 240.166 0.0355318 0.997676 0.0241643 0.0528867
0000000373.000000 -169.034 9.91348 238.352 0.0355654 0.997661 0.0241037 0.053175
0000000374.000000 -168.861 9.96922 236.573 0.0424835 0.997412 0.0222202 0.0535742
0000000375.000000 -168.642 9.9924 234.86 0.0316904 0.997969 0.0173908 0.0524515
0000000376.000000 -168.47 10.0325 233.19 0.0317263 0.997953 0.017323 0.0527492
0000000377.000000 -168.286 10.0602 231.561 0.0269704 0.998185 0.0218814 0.0492074
0000000378.000000 -168.074 10.128 229.232 0.0282606 0.998339 0.0230429 0.0446019
0000000379.000000 -167.881 10.1862 227.082 0.0278215 0.998542 0.0234969 0.0398498
0000000380.000000 -167.732 10.2389 225.114 0.0278571 0.99853 0.0234181 0.0401686
0000000381.000000 -167.532 10.2972 222.803 0.0324634 0.998058 0.0222098 0.0482925
0000000382.000000 -167.08 10.362 219.978 0.0356586 0.994378 0.0184595 0.0979836
0000000383.000000 -166.045 10.3807 217.633 0.0291914 0.974327 0.0137192 0.222813
0000000384.000000 -164.657 10.3667 215.973 0.0278237 0.938441 0.00980283 0.344177
0000000385.000000 -163.103 10.3373 214.767 0.0307637 0.892138 0.0103416 0.450596
0000000386.000000 -161.138 10.2791 213.848 0.0341801 0.83239 0.00142548 0.553134
0000000387.000000 -159.438 10.1937 213.461 0.0301293 0.783199 -0.000856668 0.62104
0000000388.000000 -157.563 10.1119 213.328 0.0219249 0.736134 -0.00336616 0.676472
0000000389.000000 -154.906 9.9818 213.394 0.0242621 0.698499 -0.0153836 0.715034
0000000390.000000 -152.06 9.82257 213.563 0.0211966 0.685135 -0.00931854 0.728048
0000000391.000000 -149.095 9.64701 213.777 0.031267 0.680214 -0.0148294 0.732196
0000000392.000000 -146.723 9.48964 213.965 0.026531 0.677965 -0.00691633 0.734583
0000000393.000000 -144.304 9.35222 214.168 0.031037 0.675462 -0.00617345 0.736715
0000000394.000000 -141.807 9.19195 214.418 0.0310282 0.675804 -0.00626939 0.736401
0000000395.000000 -139.193 9.0417 214.659 0.0293689 0.674809 -0.00151819 0.737407
0000000396.000000 -137.427 8.94082 214.821 0.0293688 0.675257 -0.00161315 0.736996
0000000397.000000 -134.731 8.80035 215.08 0.0290919 0.670748 0.00125159 0.741114
0000000398.000000 -132.057 8.65193 215.391 0.026855 0.665703 0.00281692 0.745728
0000000399.000000 -129.391 8.52311 215.734 0.0272962 0.660513 -0.00157223 0.750317
0000000400.000000 -127.622 8.42435 215.988 0.0282193 0.657787 -0.00366889 0.752666
0000000401.000000 -125.854 8.31566 216.257 0.0210607 0.656593 -0.00387593 0.753941
0000000402.000000 -123.234 8.18002 216.629 0.021077 0.657407 -0.00396323 0.75323
0000000403.000000 -120.608 8.05243 217.025 0.0177082 0.659986 -0.0102155 0.751
0000000404.000000 -118.924 7.95202 217.252 0.017723 0.660905 -0.0102979 0.75019
0000000405.000000 -117.273 7.86206 217.464 0.0177398 0.661864 -0.0103797 0.749342
0000000406.000000 -115.679 7.77087 217.662 0.0177586 0.662862 -0.0104609 0.748458
0000000407.000000 -114.146 7.68608 217.858 0.01527 0.666605 -0.012486 0.74515
0000000408.000000 -112.693 7.60091 218.01 0.016584 0.671658 -0.0135105 0.740552
0000000409.000000 -110.619 7.4721 218.186 0.0187164 0.679146 -0.0121048 0.733664
0000000410.000000 -108.751 7.35999 218.305 0.0222394 0.686673 -0.0114962 0.726535
0000000411.000000 -106.312 7.22251 218.408 0.0245304 0.695651 -0.0138284 0.717828
0000000412.000000 -103.922 7.07038 218.476 0.0185454 0.698768 -0.00441704 0.715094
0000000413.000000 -101.587 6.9656 218.558 0.0194605 0.692968 0.000917619 0.720705
0000000414.000000 -98.7418 6.81928 218.848 0.031343 0.658868 0.000718547 0.751605
0000000415.000000 -95.5022 6.61074 219.738 0.0250169 0.576345 -0.00166497 0.816822
0000000416.000000 -93.6038 6.47853 220.79 0.0253112 0.492565 -0.00482681 0.869894
0000000417.000000 -92.3778 6.37753 221.824 0.0320842 0.421009 -0.0103259 0.90643
0000000418.000000 -91.3308 6.26222 223.028 0.0320336 0.34804 -0.0051597 0.936918
0000000419.000000 -90.5395 6.14379 224.368 0.0296709 0.277913 -0.0051722 0.960134
0000000420.000000 -89.9412 6.04359 225.777 0.0286411 0.210646 -0.0104002 0.977087
0000000421.000000 -89.3365 5.88313 228.202 0.0190423 0.128213 -0.0299571 0.991111
0000000422.000000 -88.7116 5.70918 231.208 0.0193965 0.109982 -0.0385899 0.992995
0000000423.000000 -87.87 5.5226 234.02 0.0163545 0.167579 -0.0314889 0.98522
0000000424.000000 -86.2787 5.33418 236.388 0.0257285 0.338574 -0.0237444 0.940288
