0000000001.000000 -90.5835 6.14328 224.38 0.0296355 0.284671 -0.00551739 0.958151
0000000002.000000 -89.9649 6.04313 225.781 0.0285234 0.215377 -0.0106127 0.976057
0000000003.000000 -89.3365 5.88312 228.202 0.0188304 0.130801 -0.0300092 0.990775
0000000004.000000 -88.6957 5.71006 231.205 0.0189132 0.115109 -0.0386916 0.992419
0000000005.000000 -87.8244 5.52527 234.01 0.0156635 0.175119 -0.0316451 0.983914
0000000006.000000 -86.1955 5.33933 236.356 0.0248754 0.348018 -0.0241575 0.936847
0000000007.000000 -84.5793 5.20028 237.377 0.026973 0.485618 -0.00750091 0.873723
0000000008.000000 -83.5493 5.14912 237.765 0.0280938 0.551335 -0.00784395 0.833774
0000000009.000000 -81.9959 5.05673 238.12 0.0252642 0.621097 -0.00305184 0.78332
0000000010.000000 -80.258 4.95993 238.302 0.0308255 0.663679 -0.00307712 0.747376
0000000011.000000 -78.258 4.84673 238.427 0.0346883 0.687893 -0.00709073 0.724948
0000000012.000000 -76.5717 4.74692 238.461 0.0361916 0.697291 -0.0021887 0.715871
0000000013.000000 -74.7468 4.63801 238.505 0.0360001 0.698647 -0.00237535 0.714557
0000000014.000000 -72.0801 4.48292 238.557 0.0369226 0.702722 -0.00498708 0.710488
0000000015.000000 -69.1594 4.30171 238.579 0.0363233 0.707306 -0.00714047 0.705937
0000000016.000000 -66.832 4.14207 238.565 0.0360978 0.708403 -0.00731815 0.704846
0000000017.000000 -63.6197 3.92057 238.518 0.0374966 0.712222 -0.0053672 0.700931
0000000018.000000 -61.9774 3.801 238.493 0.0372575 0.713167 -0.00554191 0.699981
0000000019.000000 -59.4435 3.62417 238.449 0.037827 0.715899 -0.00982062 0.697109
0000000020.000000 -56.8272 3.43339 238.383 0.0375651 0.716685 -0.00999044 0.696313
0000000021.000000 -54.1781 3.23652 238.312 0.0389239 0.714041 -0.00628582 0.698992
0000000022.000000 -51.5289 3.0286 238.284 0.0400035 0.711747 -0.00917198 0.701235
0000000023.000000 -49.7668 2.88356 238.264 0.0397162 0.712327 -0.00933468 0.700661
0000000024.000000 -48.0035 2.74553 238.247 0.0394225 0.712854 -0.00949541 0.700139
0000000025.000000 -45.379 2.54398 238.214 0.0369445 0.711389 -0.00521222 0.701807
0000000026.000000 -42.8191 2.34344 238.194 0.0435967 0.710643 -0.0122047 0.702095
0000000027.000000 -40.2666 2.13436 238.159 0.0369075 0.711515 -0.00547213 0.701679
0000000028.000000 -37.767 1.94282 238.121 0.0419907 0.71111 -0.00610147 0.7018
0000000029.000000 -36.1058 1.80814 238.109 0.041654 0.711283 -0.00624896 0.701643
0000000030.000000 -33.692 1.61071 238.075 0.041308 0.711384 -0.00639376 0.701559
0000000031.000000 -30.5122 1.36178 238.048 0.0409499 0.71139 -0.00653468 0.701573
0000000032.000000 -27.4818 1.11455 238.032 0.0405799 0.711305 -0.00667231 0.70168
0000000033.000000 -24.6409 0.882522 238.026 0.0373771 0.710735 -0.0120885 0.702362
0000000034.000000 -22.5654 0.717273 238.012 0.0369897 0.710499 -0.0122215 0.702619
0000000035.000000 -20.5464 0.550438 237.976 0.0365948 0.710204 -0.0123526 0.702936
0000000036.000000 -18.6541 0.387229 237.951 0.0380701 0.712235 -0.0146776 0.700754
0000000037.000000 -16.3892 0.189254 237.895 0.0357307 0.717897 -0.0142009 0.695087
0000000038.000000 -13.9775 -0.0246756 237.74 0.0348805 0.730801 -0.0129552 0.681575
0000000039.000000 -11.9902 -0.184038 237.516 0.0340611 0.74676 -0.011261 0.664126
0000000040.000000 -9.95319 -0.348341 237.104 0.0380716 0.773229 -0.00293133 0.632976
0000000041.000000 -8.14633 -0.47153 236.446 0.0435486 0.819555 -0.00139933 0.571342
0000000042.000000 -6.41964 -0.586061 235.369 0.0467644 0.884349 -0.0045589 0.464455
0000000043.000000 -5.44242 -0.650059 234.384 0.0415716 0.924515 -0.00510042 0.378837
0000000044.000000 -4.77296 -0.677223 233.352 0.0432529 0.952107 -0.00364419 0.302668
0000000045.000000 -4.38963 -0.692379 232.545 0.0442533 0.968127 -0.00451055 0.246479
0000000046.000000 -3.95048 -0.723851 231.156 0.0440469 0.985996 -0.00186522 0.160835
0000000047.000000 -3.75054 -0.72188 229.55 0.0477547 0.994983 0.00345536 0.0878417
0000000048.000000 -3.62791 -0.704986 227.718 0.0470453 0.998183 0.00863572 0.0366384
0000000049.000000 -3.58685 -0.674525 225.72 0.047075 0.998821 0.00916862 0.00750696
0000000050.000000 -3.65598 -0.616037 222.715 0.0490057 0.998596 0.0120301 -0.0161342
0000000051.000000 -3.76178 -0.563171 220.257 0.0499638 0.998452 0.0125445 -0.0209499
0000000052.000000 -3.83568 -0.524379 218.544 0.0497263 0.998489 0.0122318 -0.0199575
0000000053.000000 -3.92647 -0.463824 215.838 0.0494878 0.998523 0.0119309 -0.0189939
0000000054.000000 -3.99211 -0.429239 213.938 0.0492487 0.998556 0.0116379 -0.0180508
0000000055.000000 -4.05298 -0.394723 211.971 0.0490089 0.998587 0.011353 -0.0171287
0000000056.000000 -4.10141 -0.36101 209.953 0.0487684 0.998617 0.0110766 -0.016228
0000000057.000000 -4.13989 -0.322461 207.884 0.0485271 0.998645 0.010809 -0.0153488
0000000058.000000 -4.18132 -0.29432 205.769 0.0482852 0.998673 0.01055 -0.0144919
0000000059.000000 -4.22762 -0.258623 203.593 0.0480425 0.998699 0.0103002 -0.0136585
0000000060.000000 -4.27909 -0.226558 201.378 0.0477992 0.998724 0.0100594 -0.0128492
0000000061.000000 -4.32553 -0.201316 199.137 0.0475553 0.998747 0.00982763 -0.0120644
0000000062.000000 -4.36489 -0.177319 196.871 0.0473108 0.99877 0.00960488 -0.0113043
0000000063.000000 -4.41477 -0.151523 194.594 0.0470658 0.998792 0.00939128 -0.0105695
0000000064.000000 -4.46484 -0.126989 192.281 0.0468202 0.998812 0.00918692 -0.00986074
0000000065.000000 -4.49862 -0.109147 189.968 0.046574 0.998832 0.00899157 -0.0091775
0000000066.000000 -4.53563 -0.0843943 187.623 0.0463273 0.998851 0.00880564 -0.00852043
0000000067.000000 -4.56716 -0.0669971 185.268 0.0460801 0.998869 0.00862888 -0.00788961
0000000068.000000 -4.61264 -0.048738 182.889 0.0458324 0.998887 0.0084614 -0.00728609
0000000069.000000 -4.64543 -0.0240552 180.476 0.0455841 0.998903 0.00830361 -0.00670989
0000000070.000000 -4.67643 -0.00080273 178.044 0.0453353 0.99892 0.00815554 -0.00616132
0000000071.000000 -4.71852 0.0144503 175.589 0.045086 0.998935 0.00801692 -0.00564128
0000000072.000000 -4.75541 0.0249923 173.096 0.0448363 0.99895 0.00788769 -0.00515011
0000000073.000000 -4.78744 0.0387618 170.588 0.0445863 0.998964 0.00776806 -0.00468798
0000000074.000000 -4.80622 0.0587812 168.026 0.0443357 0.998978 0.00765851 -0.00425509
0000000075.000000 -4.81704 0.0724197 165.47 0.0440845 0.998992 0.00755875 -0.00385119
0000000076.000000 -4.83667 0.0798887 162.908 0.0438331 0.999005 0.00746853 -0.00347688
0000000077.000000 -4.85393 0.0928207 160.317 0.0435811 0.999018 0.00738817 -0.00313254
0000000078.000000 -4.86869 0.107476 157.724 0.0433287 0.99903 0.00731775 -0.00281823
0000000079.000000 -4.86831 0.114831 155.131 0.0430759 0.999042 0.00725698 -0.00253343
0000000080.000000 -4.87885 0.126317 152.523 0.0428227 0.999054 0.00720604 -0.00227894
0000000081.000000 -4.8915 0.130051 149.894 0.0425691 0.999066 0.00716466 -0.0020552
0000000082.000000 -4.89232 0.131389 147.281 0.0423152 0.999077 0.00713269 -0.00186161
0000000083.000000 -4.89513 0.134906 144.673 0.042061 0.999088 0.00711017 -0.00169835
0000000084.000000 -4.89389 0.134576 142.088 0.0418065 0.999099 0.00709684 -0.00156506
0000000085.000000 -4.89246 0.135775 139.501 0.0415517 0.99911 0.00709275 -0.00146186
0000000086.000000 -4.88202 0.135605 136.938 0.0412967 0.999121 0.00709774 -0.00138818
0000000087.000000 -4.87929 0.147906 134.391 0.0410412 0.999131 0.00711224 -0.00134427
0000000088.000000 -4.87713 0.151421 131.835 0.0407854 0.999142 0.00713587 -0.00133031
0000000089.000000 -4.87568 0.149363 129.289 0.0405294 0.999152 0.00716833 -0.00134629
0000000090.000000 -4.8814 0.149624 126.761 0.0402732 0.999162 0.00720961 -0.00139236
0000000091.000000 -4.88372 0.14891 124.263 0.0400169 0.999172 0.00725952 -0.00146809
0000000092.000000 -4.88158 0.145351 121.787 0.0397603 0.999181 0.00731785 -0.00157305
0000000093.000000 -4.87949 0.133835 119.37 0.0395038 0.999191 0.00738401 -0.0017066
0000000094.000000 -4.88654 0.125555 117.016 0.0392471 0.9992 0.00745787 -0.00186839
0000000095.000000 -4.89919 0.111717 113.596 0.0389905 0.999209 0.00754277 -0.00207138
0000000096.000000 -4.9075 0.0960729 111.432 0.038734 0.999218 0.00763432 -0.00230046
0000000097.000000 -4.93812 0.0846938 108.319 0.0384775 0.999226 0.00773583 -0.00256789
0000000098.000000 -4.95 0.0804412 106.334 0.038221 0.999234 0.00784378 -0.00285947
0000000099.000000 -4.95521 0.0728419 104.46 0.0379645 0.999242 0.00795764 -0.00317359
0000000100.000000 -4.96865 0.0607206 101.847 0.037708 0.99925 0.0080796 -0.00351941
0000000101.000000 -4.97426 0.0544381 100.231 0.0374516 0.999257 0.0082066 -0.00388471
0000000102.000000 -4.99549 0.0451546 97.9694 0.0424529 0.99906 0.00862861 0.00180249
0000000103.000000 -4.95946 0.0382945 96.5726 0.0455459 0.998793 0.00901416 0.0160506
0000000104.000000 -4.67356 0.0127023 94.0745 0.0479833 0.996288 0.00793002 0.0710343
0000000105.000000 -4.23097 -0.0198758 92.4017 0.0417875 0.990723 0.00572032 0.129184
0000000106.000000 -3.57001 -0.0553221 90.907 0.0308312 0.979615 0.00467713 0.198448
0000000107.000000 -2.39518 -0.0920366 89.1599 0.0154133 0.952868 0.00545914 0.302943
0000000108.000000 -0.919658 -0.127023 87.736 0.0139423 0.909427 0.00583039 0.415588
0000000109.000000 0.407321 -0.142735 86.9718 0.0115715 0.868525 0.00403337 0.495495
0000000110.000000 2.34024 -0.192354 86.3323 0.0111862 0.80889 6.97878e-06 0.587853
0000000111.000000 3.85675 -0.221793 86.0944 0.00644383 0.771787 -0.00455899 0.635833
0000000112.000000 5.41212 -0.282008 85.929 0.0102258 0.748583 -0.00762537 0.662918
0000000113.000000 7.04786 -0.325223 85.7878 0.013396 0.736738 -0.00783333 0.676
0000000114.000000 8.77494 -0.38268 85.6676 0.0107279 0.732468 -0.00488139 0.680699
0000000115.000000 10.6282 -0.437753 85.5275 0.0146218 0.731828 -0.0023265 0.681329
0000000116.000000 11.9384 -0.473764 85.4314 0.0145137 0.731708 -0.00198664 0.68146
0000000117.000000 14.0148 -0.529497 85.2708 0.0179468 0.730687 0.00217342 0.682473
0000000118.000000 16.2424 -0.584566 85.1209 0.0216667 0.725877 0.0061028 0.687456
0000000119.000000 18.5902 -0.638422 85.0434 0.0232714 0.717134 0.00984433 0.696477
0000000120.000000 21.0551 -0.692603 85.0629 0.0211355 0.705881 0.00790648 0.707971
0000000121.000000 23.6258 -0.767325 85.1492 0.0202959 0.695224 -0.000504273 0.718507
0000000122.000000 26.2277 -0.869474 85.29 0.0140082 0.692569 -0.00359498 0.721207
0000000123.000000 28.797 -0.967023 85.3894 0.0111481 0.696932 -0.00838104 0.717001
0000000124.000000 31.3603 -1.07131 85.417 0.00848472 0.707735 -0.00896348 0.706371
0000000125.000000 33.8911 -1.16657 85.3532 0.00987485 0.720838 -0.00798231 0.692988
0000000126.000000 35.5698 -1.22521 85.2579 0.0110334 0.730303 -0.00616429 0.683006
0000000127.000000 37.2317 -1.28095 85.1183 0.0117121 0.739341 -0.00373744 0.673219
0000000128.000000 38.9157 -1.33961 84.9332 0.0135646 0.744128 -0.00347462 0.66789
0000000129.000000 40.6021 -1.39718 84.7389 0.0135689 0.74435 -0.00367349 0.667642
0000000130.000000 42.3345 -1.45271 84.5518 0.0135484 0.744317 -0.00385569 0.667678
0000000131.000000 44.98 -1.52675 84.2985 0.0134688 0.743829 -0.00398848 0.668223
0000000132.000000 46.7784 -1.58663 84.1273 0.0133658 0.743028 -0.00410952 0.669114
0000000133.000000 48.5684 -1.64599 83.9419 0.0132402 0.741948 -0.00421774 0.670314
0000000134.000000 51.2398 -1.74532 83.6669 0.00814734 0.747371 -0.0103208 0.664276
0000000135.000000 53.8738 -1.8523 83.3028 0.00816206 0.763138 -0.0165251 0.645972
0000000136.000000 55.6285 -1.92533 82.9461 0.00763436 0.775925 -0.0120473 0.630664
0000000137.000000 58.1834 -2.03295 82.2839 0.0120472 0.795546 -0.00869388 0.60571
0000000138.000000 59.8457 -2.10911 81.7597 0.0141723 0.807394 -0.00508779 0.589821
0000000139.000000 62.2871 -2.1974 80.8648 0.0177361 0.820279 -0.0017487 0.571686
0000000140.000000 63.9305 -2.23411 80.2288 0.0120942 0.825083 0.00698549 0.564839
0000000141.000000 66.4081 -2.27471 79.2574 0.0184913 0.826903 0.00194524 0.562037
0000000142.000000 68.8984 -2.36112 78.2807 0.0186207 0.826717 0.00180613 0.562306
0000000143.000000 70.5962 -2.40139 77.5957 0.0162788 0.828518 0.00597431 0.559693
0000000144.000000 72.3075 -2.43636 76.8907 0.0157276 0.832792 0.00666634 0.553323
0000000145.000000 74.0118 -2.46634 76.1359 0.0178493 0.839897 0.00483001 0.542431
0000000146.000000 75.7197 -2.51107 75.3118 0.0197742 0.847766 0.00208111 0.529997
0000000147.000000 78.2726 -2.59643 73.9843 0.0243253 0.856306 -0.00141363 0.515893
0000000148.000000 80.0081 -2.65573 73.0558 0.0232512 0.858247 0.00231341 0.512705
0000000149.000000 81.7479 -2.71202 72.1132 0.0233791 0.8581 0.00219935 0.512945
0000000150.000000 83.4918 -2.77257 71.1766 0.0235058 0.857957 0.00208753 0.513179
0000000151.000000 85.218 -2.83554 70.2665 0.0236313 0.857818 0.00197791 0.513407
0000000152.000000 86.9543 -2.9053 69.3455 0.0200729 0.861082 -0.000193333 0.50807
0000000153.000000 89.4647 -2.99309 67.9091 0.0152822 0.869484 0.0012553 0.493724
0000000154.000000 91.8778 -3.07286 66.3854 0.0134585 0.879627 0.000661558 0.475473
0000000155.000000 94.2037 -3.15481 64.7633 0.0137656 0.890154 -0.001759 0.455448
0000000156.000000 95.6972 -3.20869 63.634 0.0135293 0.896796 -4.75357e-05 0.442237
0000000157.000000 97.1364 -3.25543 62.4721 0.015459 0.902622 0.00101271 0.430156
0000000158.000000 98.5391 -3.29775 61.2872 0.0191374 0.906345 0.00277231 0.422096
0000000159.000000 99.9099 -3.34357 60.1158 0.0214835 0.907981 0.00401051 0.418441
0000000160.000000 101.248 -3.38812 58.9688 0.0216086 0.907897 0.00393719 0.418617
0000000161.000000 102.55 -3.4267 57.8829 0.0217327 0.907816 0.00386592 0.418786
0000000162.000000 103.776 -3.47371 56.8629 0.0232693 0.904959 0.00459784 0.424838
0000000163.000000 104.959 -3.52202 55.9214 0.0229388 0.902212 0.0048674 0.430654
0000000164.000000 106.613 -3.57983 54.6226 0.0230954 0.899345 0.00414828 0.436609
0000000165.000000 108.744 -3.67182 52.9221 0.0290248 0.90138 -0.000424205 0.432056
0000000166.000000 110.81 -3.75099 51.2199 0.0220581 0.906167 0.00800708 0.422268
0000000167.000000 112.861 -3.80419 49.485 0.0220026 0.908999 -5.34242e-05 0.416218
0000000168.000000 114.455 -3.86427 48.1102 0.0221197 0.908943 -0.000105719 0.416333
0000000169.000000 116.128 -3.9029 46.6851 0.0197766 0.906001 0.00823995 0.422733
0000000170.000000 117.892 -3.93059 45.2989 0.0171079 0.90053 0.0050865 0.434427
0000000171.000000 119.14 -3.96108 44.3741 0.011074 0.897418 0.00232091 0.441036
0000000172.000000 120.417 -3.98355 43.4468 0.00620931 0.895779 -0.00842214 0.444376
0000000173.000000 121.729 -4.02578 42.4973 0.00287107 0.894711 -0.0121209 0.446472
0000000174.000000 123.08 -4.07087 41.4976 0.00298116 0.894672 -0.0121656 0.446548
0000000175.000000 124.469 -4.12515 40.4567 0.00309025 0.894636 -0.0122081 0.446618
0000000176.000000 125.892 -4.18358 39.4014 0.00319832 0.894603 -0.0122483 0.446682
0000000177.000000 127.326 -4.2353 38.2965 0.00330536 0.894573 -0.0122862 0.44674
0000000178.000000 128.831 -4.29216 37.1883 0.00341129 0.894547 -0.0123218 0.446792
0000000179.000000 131.126 -4.38572 35.4698 -4.99559e-05 0.89573 -0.00898185 0.444507
0000000180.000000 134.221 -4.47196 33.1476 -0.0054646 0.89634 -0.0106295 0.443206
0000000181.000000 135.766 -4.52195 31.9998 -0.00536379 0.896329 -0.0106539 0.44323
0000000182.000000 138.082 -4.60492 30.2494 0.00194148 0.893899 -0.00736906 0.448203
0000000183.000000 139.631 -4.65069 29.0883 0.0106699 0.892345 -0.00416022 0.451209
0000000184.000000 141.166 -4.70726 27.982 0.0107665 0.892343 -0.00417659 0.45121
0000000185.000000 142.702 -4.76246 26.8652 0.00564063 0.892865 -0.00222176 0.450284
0000000186.000000 144.237 -4.80217 25.7405 0.00573507 0.89287 -0.00223323 0.450272
0000000187.000000 145.745 -4.84286 24.6459 0.0058284 0.892878 -0.00224234 0.450255
0000000188.000000 147.253 -4.88794 23.5432 0.00700006 0.893899 -0.00841992 0.448134
0000000189.000000 148.758 -4.93965 22.424 0.00799823 0.894392 -0.00377162 0.447196
0000000190.000000 150.244 -4.98235 21.3174 0.0080883 0.89441 -0.00377341 0.447159
0000000191.000000 151.701 -5.03121 20.2336 0.00928573 0.89389 -0.00921466 0.448096
0000000192.000000 153.142 -5.0958 19.1762 0.00937349 0.893913 -0.00921206 0.448047
0000000193.000000 155.218 -5.19925 17.6277 0.00945986 0.893941 -0.0092062 0.447989
0000000194.000000 157.165 -5.30368 16.1534 0.0145289 0.896684 -0.00846248 0.442352
0000000195.000000 158.963 -5.38878 14.7652 0.0116646 0.900357 -0.00201791 0.434991
0000000196.000000 160.03 -5.43613 13.9014 0.0184381 0.901603 -0.00879937 0.432082
0000000197.000000 161.489 -5.51594 12.7161 0.027088 0.899283 -0.00323218 0.436517
0000000198.000000 162.903 -5.60814 11.6842 0.036944 0.883963 0.00155859 0.466093
0000000199.000000 164.916 -5.71795 10.665 0.0361895 0.842676 0.000792431 0.537203
0000000200.000000 167.025 -5.86006 10.0285 0.040544 0.793069 -0.00753665 0.607734
0000000201.000000 168.754 -5.97094 9.80585 0.03305 0.755099 -0.00809816 0.654727
0000000202.000000 170.55 -6.07554 9.73965 0.0242201 0.726136 -0.0101366 0.687049
0000000203.000000 172.405 -6.18956 9.76727 0.0132685 0.713093 -0.0195314 0.700672
0000000204.000000 174.332 -6.29112 9.75573 0.0116592 0.711784 -0.0232573 0.701916
0000000205.000000 176.317 -6.40821 9.7145 0.0100446 0.71665 -0.0215592 0.697028
0000000206.000000 179.037 -6.57808 9.60233 0.0172979 0.725298 -0.0285855 0.687624
0000000207.000000 181.175 -6.72149 9.47903 0.00927977 0.732446 -0.0266339 0.680241
0000000208.000000 183.341 -6.86216 9.29977 0.0150139 0.736023 -0.0268488 0.676258
0000000209.000000 184.822 -6.95604 9.18547 0.0150779 0.736125 -0.0268322 0.676145
0000000210.000000 186.322 -7.05448 9.07169 0.0151407 0.73623 -0.0268142 0.676031
0000000211.000000 187.832 -7.16337 8.95036 0.0152023 0.736336 -0.0267948 0.675914
0000000212.000000 188.594 -7.21271 8.89393 0.0152632 0.736444 -0.0267746 0.675796
0000000213.000000 190.134 -7.3153 8.78746 0.0153229 0.736555 -0.0267529 0.675675
0000000214.000000 191.665 -7.43262 8.66003 0.0198607 0.736159 -0.0268696 0.675984
0000000215.000000 193.198 -7.54003 8.53823 0.0193777 0.736342 -0.031265 0.675609
0000000216.000000 194.773 -7.66666 8.40963 0.0194329 0.736459 -0.0312395 0.675481
0000000217.000000 196.326 -7.79496 8.2785 0.0201825 0.737485 -0.0353964 0.674133
0000000218.000000 197.917 -7.92903 8.14192 0.0202345 0.737607 -0.0353679 0.674
0000000219.000000 200.351 -8.15102 7.91217 0.021994 0.739741 -0.0320434 0.671769
0000000220.000000 202.8 -8.35499 7.66591 0.0224399 0.740172 -0.0254586 0.671561
0000000221.000000 205.296 -8.55344 7.42609 0.0271227 0.739559 -0.0229045 0.672155
0000000222.000000 206.97 -8.68824 7.28585 0.0271701 0.739693 -0.0228686 0.672007
0000000223.000000 208.636 -8.82248 7.1417 0.0272162 0.73983 -0.0228312 0.671855
0000000224.000000 210.284 -8.97087 7.0032 0.0325827 0.738755 -0.0298453 0.672524
0000000225.000000 211.951 -9.12189 6.86649 0.0266939 0.738113 -0.0280211 0.673566
0000000226.000000 214.475 -9.32897 6.65098 0.0267347 0.738259 -0.0279782 0.673406
0000000227.000000 216.992 -9.55058 6.43514 0.0267736 0.738409 -0.027933 0.673242
0000000228.000000 219.554 -9.77243 6.19806 0.0284635 0.738744 -0.0235629 0.672972
0000000229.000000 222.118 -9.99096 5.95567 0.0335745 0.737745 -0.0227575 0.67386
0000000230.000000 224.761 -10.2123 5.73129 0.0336088 0.737906 -0.0227067 0.673684
0000000231.000000 227.414 -10.4558 5.50874 0.0304502 0.738791 -0.0265548 0.672722
0000000232.000000 229.212 -10.6046 5.34144 0.0304801 0.738959 -0.026499 0.672539
0000000233.000000 231.87 -10.8561 5.08032 0.0367819 0.740423 -0.0255639 0.670647
0000000234.000000 234.54 -11.1222 4.83936 0.0285702 0.742492 -0.0233839 0.668837
0000000235.000000 236.318 -11.2782 4.66448 0.0285955 0.742669 -0.0233209 0.668641
0000000236.000000 238.086 -11.4443 4.49323 0.0321707 0.742836 -0.0280464 0.668111
0000000237.000000 239.852 -11.6165 4.30523 0.0321922 0.743019 -0.0279811 0.667909
0000000238.000000 241.62 -11.7916 4.13322 0.0322125 0.743205 -0.0279142 0.667705
0000000239.000000 243.358 -11.9664 3.96466 0.0357988 0.741949 -0.0316098 0.668754
0000000240.000000 245.094 -12.1476 3.7976 0.0320719 0.740904 -0.0260616 0.670339
0000000241.000000 246.808 -12.3154 3.63547 0.0354583 0.739659 -0.0300986 0.671373
0000000242.000000 248.529 -12.4957 3.46969 0.0354735 0.739856 -0.0300265 0.671158
0000000243.000000 251.038 -12.7496 3.26443 0.0315934 0.738391 -0.0266658 0.673104
0000000244.000000 252.666 -12.9208 3.11792 0.031607 0.738595 -0.0265889 0.672883
0000000245.000000 254.234 -13.0689 2.97796 0.0316194 0.7388 -0.0265105 0.67266
0000000246.000000 255.775 -13.2192 2.84145 0.0272506 0.73941 -0.0231414 0.672305
0000000247.000000 257.231 -13.3579 2.70763 0.0299751 0.739747 -0.0269585 0.671676
0000000248.000000 258.641 -13.4918 2.57241 0.0299841 0.739959 -0.0268757 0.671446
0000000249.000000 260.027 -13.6192 2.42893 0.0310944 0.74289 -0.0244963 0.668243
0000000250.000000 261.351 -13.7493 2.27519 0.0316626 0.748177 -0.0251031 0.662268
0000000251.000000 262.615 -13.8669 2.08843 0.03302 0.755346 -0.0243165 0.654042
0000000252.000000 263.85 -13.9775 1.87404 0.0343318 0.763576 -0.0186474 0.644535
0000000253.000000 265.012 -14.0843 1.62443 0.0339088 0.771185 -0.0117997 0.635598
0000000254.000000 266.106 -14.1767 1.36984 0.0365548 0.778184 -0.00791714 0.626922
0000000255.000000 268.045 -14.3271 0.854796 0.0445798 0.790052 -0.00563452 0.611391
0000000256.000000 269.993 -14.4954 0.297329 0.0482449 0.793639 -0.000736344 0.606472
0000000257.000000 271.988 -14.6678 -0.0977725 0.050198 0.762885 -0.00752515 0.644539
0000000258.000000 273.514 -14.7949 -0.00717823 0.0401207 0.695496 -0.0109461 0.717325
0000000259.000000 274.717 -14.9237 0.413304 0.0323527 0.604051 -0.0223798 0.795974
0000000260.000000 275.725 -15.0275 1.01476 0.0384561 0.503182 -0.020188 0.863088
0000000261.000000 276.634 -15.1426 2.05545 0.0331268 0.387044 -0.0314174 0.92093
0000000262.000000 277.236 -15.2245 3.10519 0.0237881 0.300769 -0.0373668 0.952668
0000000263.000000 277.754 -15.2984 4.3274 0.0202254 0.227038 -0.0470098 0.97254
0000000264.000000 278.393 -15.404 6.27537 0.019535 0.161765 -0.0535417 0.985182
0000000265.000000 278.824 -15.4901 7.99723 0.0181598 0.125411 -0.0535896 0.99049
0000000266.000000 279.152 -15.5828 9.91394 0.0200833 0.090368 -0.0553301 0.994167
0000000267.000000 279.415 -15.6645 12.021 0.0226335 0.0669254 -0.0607287 0.995651
0000000268.000000 279.653 -15.776 14.3071 0.0140676 0.0515765 -0.0568577 0.99695
0000000269.000000 279.843 -15.8619 16.7511 0.0172057 0.0459787 -0.0622139 0.996855
0000000270.000000 279.983 -15.9385 18.4701 0.0172443 0.0462702 -0.0621437 0.996845
0000000271.000000 280.144 -16.0176 20.2581 0.0172809 0.0465551 -0.0620736 0.996835
0000000272.000000 280.323 -16.0914 22.1009 0.0123222 0.0497075 -0.0586932 0.996962
0000000273.000000 280.508 -16.1632 23.9688 0.012355 0.0499782 -0.0586215 0.996952
0000000274.000000 280.702 -16.2464 25.853 0.0172054 0.0528596 -0.0556348 0.996903
0000000275.000000 280.908 -16.3361 27.7689 0.0172342 0.0531165 -0.0555643 0.996892
0000000276.000000 281.122 -16.4215 29.7262 0.00974163 0.0546787 -0.0512189 0.997142
0000000277.000000 281.429 -16.5236 32.6862 0.00976543 0.054917 -0.0511464 0.997132
0000000278.000000 281.728 -16.6339 35.6782 0.00978553 0.0551443 -0.0510739 0.997123
0000000279.000000 282.022 -16.7207 38.7373 0.00719231 0.0549838 -0.055643 0.99691
0000000280.000000 282.217 -16.7746 40.7704 0.000790332 0.0546429 -0.0587779 0.996774
0000000281.000000 282.413 -16.8183 42.785 0.000800009 0.0548435 -0.0587036 0.996767
0000000282.000000 282.621 -16.8581 44.8034 0.000807184 0.0550366 -0.0586292 0.996761
0000000283.000000 282.833 -16.9013 46.8026 0.00571564 0.055604 -0.0566815 0.996826
0000000284.000000 283.048 -16.9463 48.8273 0.000572647 0.0575022 -0.0587521 0.996615
0000000285.000000 283.381 -17.0124 51.8385 0.00327395 0.0611466 -0.0633173 0.996113
0000000286.000000 283.739 -17.0621 54.8685 -0.00398173 0.0651416 -0.0641669 0.995803
0000000287.000000 284.011 -17.0985 56.9009 0.00252393 0.0642551 -0.056415 0.996334
0000000288.000000 284.363 -17.1553 59.9409 -0.00327105 0.0607006 -0.0573287 0.996503
0000000289.000000 284.566 -17.1866 61.9596 0.00334131 0.0580898 -0.061417 0.996415
0000000290.000000 284.78 -17.2357 63.9769 0.00715592 0.0558067 -0.0623203 0.996469
0000000291.000000 284.988 -17.2927 65.9788 0.000988164 0.0549563 -0.0630706 0.996494
0000000292.000000 285.188 -17.3346 67.9868 0.000966121 0.0550642 -0.0629956 0.996493
0000000293.000000 285.394 -17.3753 69.9964 0.000941623 0.0551646 -0.0629205 0.996492
0000000294.000000 285.615 -17.4095 72.0104 0.000914647 0.0552576 -0.0628453 0.996492
0000000295.000000 285.937 -17.4921 74.9855 0.00795525 0.0565548 -0.0585967 0.996647
0000000296.000000 286.163 -17.5438 77.0179 -0.00233764 0.0586812 -0.056129 0.996695
0000000297.000000 286.393 -17.5749 79.0066 -0.00237293 0.0587483 -0.0560536 0.996695
0000000298.000000 286.616 -17.6126 80.9857 0.00861266 0.0603358 -0.0572389 0.996498
0000000299.000000 286.859 -17.6688 82.9955 -0.000448722 0.063846 -0.0562153 0.996375
0000000300.000000 287.122 -17.7006 84.9963 -0.00511134 0.0672142 -0.0539159 0.996268
0000000301.000000 287.388 -17.7302 86.9804 0.00119191 0.0710425 -0.0537204 0.996025
0000000302.000000 287.67 -17.767 88.9722 0.00184041 0.0767904 -0.0531166 0.99563
0000000303.000000 287.987 -17.8098 90.9457 -4.04292e-05 0.0833515 -0.0528709 0.995117
0000000304.000000 288.344 -17.8541 92.914 -0.00308029 0.0888271 -0.0471768 0.994924
0000000305.000000 288.888 -17.8997 95.8166 -0.00142652 0.0955819 -0.0461991 0.994348
0000000306.000000 289.252 -17.939 97.7395 0.0014171 0.0989515 -0.0485785 0.993905
0000000307.000000 289.614 -17.9817 99.6524 0.00135269 0.098945 -0.0485039 0.993909
0000000308.000000 290.173 -18.0576 102.499 0.000329834 0.0961708 -0.0404772 0.994541
0000000309.000000 290.519 -18.0946 104.373 0.000259366 0.0961481 -0.040402 0.994547
0000000310.000000 290.86 -18.1389 106.224 0.00491732 0.0921424 -0.0392513 0.99496
0000000311.000000 291.196 -18.1914 108.059 0.00484229 0.0921071 -0.0391755 0.994966
0000000312.000000 291.561 -18.2376 109.89 -0.00285642 0.0909 -0.0308436 0.995378
0000000313.000000 291.906 -18.2693 111.663 -0.00464497 0.0905882 -0.0239556 0.995589
0000000314.000000 292.23 -18.2889 113.386 0.0018992 0.0915176 -0.0244871 0.995501
0000000315.000000 292.543 -18.3164 115.082 0.00181397 0.0914586 -0.0244105 0.995508
0000000316.000000 293.013 -18.3724 117.512 -0.000451047 0.0996947 -0.0238152 0.994733
0000000317.000000 293.526 -18.4349 119.812 0.00318135 0.112244 -0.0220487 0.993431
0000000318.000000 294.054 -18.4971 121.956 0.0019468 0.126708 -0.0265295 0.991583
0000000319.000000 294.565 -18.5617 123.859 0.0100716 0.139863 -0.0328138 0.989576
0000000320.000000 295.27 -18.6548 126.131 -0.000417682 0.148955 -0.0270703 0.988473
0000000321.000000 295.905 -18.7185 128.211 0.00827135 0.142977 -0.0262346 0.989344
0000000322.000000 296.515 -18.7884 130.851 -0.000873112 0.0994014 -0.0214328 0.994816
0000000323.000000 296.686 -18.8201 133.483 0.00479919 0.00102117 -0.0206149 0.999775
0000000324.000000 296.131 -18.8247 136.127 -0.00579441 -0.134052 -0.0238641 0.99067
0000000325.000000 295.099 -18.7549 138.128 -0.0160761 -0.251684 -0.0262862 0.967319
0000000326.000000 293.97 -18.6676 139.465 -0.0210468 -0.33974 -0.0332479 0.939696
0000000327.000000 292.568 -18.5404 140.675 -0.0256377 -0.418155 -0.0334897 0.907396
0000000328.000000 290.335 -18.3563 142.036 -0.0150864 -0.492061 -0.0349168 0.86973
0000000329.000000 288.451 -18.2272 143.02 -0.0200458 -0.512143 -0.0436389 0.857556
0000000330.000000 286.487 -18.0623 144.037 -0.0169796 -0.514593 -0.0474769 0.855951
0000000331.000000 284.421 -17.8946 145.124 -0.0140255 -0.511957 -0.0493463 0.857478
0000000332.000000 282.282 -17.7309 146.266 -0.00722354 -0.507895 -0.0516706 0.859838
0000000333.000000 280.014 -17.5718 147.528 -0.00875256 -0.502819 -0.0533186 0.862701
0000000334.000000 277.67 -17.4048 148.867 -0.00882029 -0.503008 -0.0531981 0.862598
0000000335.000000 275.219 -17.2207 150.251 -0.00889093 -0.503206 -0.053079 0.862489
0000000336.000000 272.728 -17.0504 151.676 -0.0054616 -0.499619 -0.050602 0.864749
0000000337.000000 270.221 -16.9072 153.13 -0.00538543 -0.492778 -0.0514359 0.868617
0000000338.000000 266.933 -16.7137 155.198 -0.00583539 -0.475774 -0.0505344 0.878095
0000000339.000000 263.743 -16.5318 157.405 -0.0112619 -0.457998 -0.0453097 0.887726
0000000340.000000 261.423 -16.3868 159.128 -0.0149094 -0.451129 -0.0380562 0.891522
0000000341.000000 259.095 -16.2331 160.849 -0.019914 -0.453907 -0.0338395 0.890184
0000000342.000000 256.689 -16.0622 162.545 -0.0225614 -0.463058 -0.0305986 0.885512
0000000343.000000 255.053 -15.9494 163.64 -0.0209804 -0.470941 -0.0279623 0.881472
0000000344.000000 253.392 -15.8457 164.727 -0.020353 -0.477924 -0.0230093 0.877864
0000000345.000000 251.714 -15.7424 165.792 -0.0288075 -0.485435 -0.0218105 0.873526
0000000346.000000 250.019 -15.6212 166.83 -0.032358 -0.492488 -0.018384 0.869523
0000000347.000000 248.303 -15.5014 167.838 -0.0325465 -0.499625 -0.0142402 0.865513
0000000348.000000 246.588 -15.3902 168.798 -0.0324799 -0.505567 -0.0112084 0.862103
0000000349.000000 244.861 -15.275 169.743 -0.0365385 -0.510121 -0.0115139 0.859249
0000000350.000000 243.122 -15.1527 170.659 -0.0366638 -0.510426 -0.0114223 0.859064
0000000351.000000 240.547 -14.975 172.047 -0.0312374 -0.511604 -0.0118541 0.858571
0000000352.000000 237.98 -14.8298 173.435 -0.0313692 -0.511926 -0.0117642 0.858376
0000000353.000000 236.281 -14.7266 174.342 -0.0255698 -0.509526 -0.0137682 0.859965
0000000354.000000 234.601 -14.6342 175.255 -0.0281815 -0.507373 -0.01809 0.861076
0000000355.000000 232.133 -14.4712 176.634 -0.0333828 -0.507037 -0.0173797 0.861102
0000000356.000000 229.713 -14.3112 177.959 -0.033524 -0.507387 -0.0172975 0.860892
0000000357.000000 227.335 -14.1349 179.248 -0.0336683 -0.507745 -0.0172168 0.860677
0000000358.000000 225.793 -14.0279 180.098 -0.0338147 -0.508108 -0.0171373 0.860459
0000000359.000000 223.58 -13.9002 181.305 -0.0274937 -0.510891 -0.00922757 0.859156
0000000360.000000 222.129 -13.8177 182.071 -0.0339942 -0.51279 -0.0148455 0.857712
0000000361.000000 220.756 -13.74 182.798 -0.0341476 -0.513167 -0.0147691 0.857482
0000000362.000000 219.456 -13.6589 183.473 -0.0298324 -0.514608 -0.015582 0.856765
0000000363.000000 218.209 -13.5862 184.12 -0.0299887 -0.514993 -0.0155053 0.856529
0000000364.000000 217.015 -13.5093 184.734 -0.0317128 -0.516504 -0.0200247 0.855463
0000000365.000000 215.908 -13.4489 185.316 -0.0318698 -0.516897 -0.0199502 0.855222
0000000366.000000 214.398 -13.3495 186.134 -0.0273399 -0.516017 -0.0194057 0.855922
0000000367.000000 212.682 -13.2564 187.081 -0.0294632 -0.508267 -0.0187676 0.86049
0000000368.000000 210.807 -13.1366 188.221 -0.0336324 -0.485522 -0.024046 0.873246
0000000369.000000 209.247 -13.033 189.371 -0.0234925 -0.451225 -0.0213806 0.891845
0000000370.000000 207.678 -12.9354 190.659 -0.0103133 -0.421872 -0.0193012 0.906391
0000000371.000000 205.807 -12.8365 192.216 -0.00681415 -0.41972 -0.0257651 0.907262
0000000372.000000 204.149 -12.7523 193.549 -0.0183487 -0.43327 -0.0280157 0.900642
0000000373.000000 202.726 -12.6543 194.611 -0.025767 -0.448579 -0.0277729 0.89294
0000000374.000000 201.163 -12.53 195.691 -0.0235707 -0.46495 -0.0207169 0.884781
0000000375.000000 198.857 -12.3772 197.176 -0.0273915 -0.48597 -0.00925712 0.873497
0000000376.000000 196.954 -12.2534 198.297 -0.0350973 -0.496915 -0.00840376 0.867048
0000000377.000000 195.633 -12.1592 199.062 -0.0406173 -0.500666 -0.00783889 0.864652
0000000378.000000 193.598 -12.0024 200.212 -0.0408149 -0.501142 -0.00778695 0.864367
0000000379.000000 191.471 -11.8249 201.399 -0.0383952 -0.502929 -0.0132072 0.863373
0000000380.000000 190.026 -11.7088 202.21 -0.0332398 -0.504018 -0.0121537 0.862968
0000000381.000000 187.778 -11.5413 203.466 -0.0334427 -0.504514 -0.0121008 0.862671
0000000382.000000 185.493 -11.3754 204.746 -0.0372718 -0.504442 -0.0151389 0.862508
0000000383.000000 183.961 -11.2581 205.6 -0.0374781 -0.504951 -0.0150908 0.862202
0000000384.000000 182.428 -11.1484 206.473 -0.0376863 -0.505465 -0.0150438 0.861893
0000000385.000000 180.133 -10.9663 207.755 -0.0378977 -0.505986 -0.0149984 0.861578
0000000386.000000 178.611 -10.8468 208.605 -0.0381111 -0.506512 -0.014954 0.86126
0000000387.000000 177.116 -10.7453 209.436 -0.0329274 -0.507914 -0.0108464 0.86071
0000000388.000000 175.623 -10.64 210.266 -0.0331473 -0.508449 -0.0108006 0.860386
0000000389.000000 174.154 -10.5588 211.057 -0.0348757 -0.50959 -0.0150137 0.859579
0000000390.000000 172.747 -10.4577 211.822 -0.0350967 -0.510134 -0.0149708 0.859248
0000000391.000000 171.395 -10.3697 212.552 -0.0353194 -0.510683 -0.0149288 0.858913
0000000392.000000 170.12 -10.2879 213.247 -0.0355439 -0.511236 -0.0148877 0.858576
0000000393.000000 168.917 -10.2028 213.874 -0.0351851 -0.516829 -0.0171168 0.855194
0000000394.000000 167.235 -10.0964 214.689 -0.0340369 -0.52927 -0.0204393 0.847524
0000000395.000000 165.651 -10.0065 215.39 -0.0306206 -0.551216 -0.0115805 0.83372
0000000396.000000 163.998 -9.90371 215.923 -0.0335428 -0.589342 -0.0169939 0.807008
0000000397.000000 162.358 -9.79782 216.254 -0.0350606 -0.632416 -0.0230409 0.773492
0000000398.000000 160.704 -9.68166 216.384 -0.0343409 -0.673016 -0.0265008 0.738355
0000000399.000000 158.995 -9.53638 216.336 -0.0289407 -0.707173 -0.0320275 0.705722
0000000400.000000 156.546 -9.31731 216.162 -0.0329853 -0.730202 -0.0421151 0.681134
0000000401.000000 154.589 -9.10954 215.988 -0.0336295 -0.736067 -0.0420677 0.674762
0000000402.000000 152.49 -8.90405 215.806 -0.0354026 -0.73794 -0.0351952 0.673017
0000000403.000000 151.014 -8.75927 215.673 -0.0358062 -0.73823 -0.0302533 0.672918
0000000404.000000 148.658 -8.53996 215.453 -0.0402869 -0.737138 -0.0335033 0.673708
0000000405.000000 146.168 -8.30377 215.239 -0.0340743 -0.734372 -0.0264243 0.677376
0000000406.000000 144.424 -8.15144 215.118 -0.0388998 -0.731474 -0.0240113 0.680335
0000000407.000000 142.626 -7.99287 215 -0.0417012 -0.728696 -0.0251999 0.683101
0000000408.000000 140.774 -7.82856 214.889 -0.0438282 -0.726572 -0.027167 0.685152
0000000409.000000 138.893 -7.65619 214.797 -0.0465229 -0.726653 -0.0191226 0.685161
0000000410.000000 136.965 -7.49632 214.682 -0.0425711 -0.727705 -0.0137826 0.684429
0000000411.000000 134.978 -7.34872 214.551 -0.0425663 -0.728216 -0.0145329 0.68387
0000000412.000000 132.945 -7.18447 214.399 -0.0481186 -0.728588 -0.0249317 0.682805
0000000413.000000 130.927 -7.00721 214.246 -0.046373 -0.72949 -0.02042 0.682112
0000000414.000000 128.893 -6.85311 214.1 -0.0435668 -0.731456 -0.0161509 0.680304
0000000415.000000 126.845 -6.70552 213.93 -0.043736 -0.731489 -0.0169221 0.680239
0000000416.000000 125.809 -6.6256 213.85 -0.0437148 -0.73153 -0.0174957 0.680182
0000000417.000000 124.77 -6.54813 213.772 -0.043495 -0.731576 -0.017864 0.680137
0000000418.000000 122.743 -6.40188 213.61 -0.042877 -0.731648 -0.0178164 0.680099
0000000419.000000 120.734 -6.26356 213.46 -0.0418514 -0.731729 -0.0173479 0.680089
0000000420.000000 118.72 -6.10901 213.301 -0.0446107 -0.731269 -0.0202351 0.680328
0000000421.000000 117.73 -6.03629 213.23 -0.0446107 -0.731269 -0.0202351 0.680328
0000000422.000000 116.753 -5.96244 213.158 -0.0446107 -0.731269 -0.0202351 0.680328
0000000423.000000 114.81 -5.81943 213.02 -0.0423894 -0.730648 -0.0159434 0.681251
0000000424.000000 112.873 -5.69413 212.889 -0.0406125 -0.730233 -0.0110581 0.681901
0000000425.000000 111.901 -5.63353 212.822 -0.0406125 -0.730233 -0.0110581 0.681901
0000000426.000000 109.968 -5.51505 212.695 -0.0406125 -0.730233 -0.0110581 0.681901
0000000427.000000 108.054 -5.40265 212.57 -0.0406125 -0.730233 -0.0110581 0.681901
