0000000001.000000 -7.7482 -1.69195 285.151 0.0126728 -0.0110868 -0.00812512 0.999825
0000000002.000000 -7.81313 -1.77877 287.619 0.0126728 -0.0110868 -0.00812512 0.999825
0000000003.000000 -7.86616 -1.88353 290.096 0.0171238 -0.0101743 -0.00782292 0.999771
0000000004.000000 -7.9188 -1.99548 292.567 0.0156628 -0.0109552 -0.0074963 0.999789
0000000005.000000 -7.98657 -2.09509 295.075 0.0138725 -0.0118823 -0.00717809 0.999807
0000000006.000000 -8.07018 -2.17813 297.613 0.00761124 -0.012866 -0.00917891 0.999846
0000000007.000000 -8.16483 -2.24976 300.144 0.0100821 -0.0138305 -0.0121308 0.99978
0000000008.000000 -8.25265 -2.31892 302.669 0.013202 -0.0150417 -0.0151446 0.999685
0000000009.000000 -8.34856 -2.4153 305.19 0.0128652 -0.0155419 -0.0146201 0.99969
0000000010.000000 -8.44026 -2.49763 307.759 0.0129598 -0.015655 -0.0140802 0.999694
0000000011.000000 -8.53493 -2.58575 310.301 0.0126359 -0.0168988 -0.0141234 0.999678
0000000012.000000 -8.64097 -2.67402 312.844 0.0127311 -0.0170144 -0.0141307 0.999674
0000000013.000000 -8.75855 -2.76715 315.391 0.0132525 -0.0160192 -0.0140989 0.999684
0000000014.000000 -8.84049 -2.87105 317.928 0.0142111 -0.0138664 -0.014028 0.999704
0000000015.000000 -8.92524 -2.97043 320.402 0.0152755 -0.0111798 -0.0143384 0.999718
0000000016.000000 -8.99197 -3.08148 322.882 0.0161639 -0.00945592 -0.0146793 0.999717
0000000017.000000 -9.05002 -3.19096 325.333 0.0169261 -0.00868244 -0.0150478 0.999706
0000000018.000000 -9.10478 -3.30576 327.784 0.0175446 -0.00886044 -0.0154448 0.999688
0000000019.000000 -9.14367 -3.40144 330.238 0.015093 -0.0109992 -0.0127093 0.999745
0000000020.000000 -9.20306 -3.5289 332.73 0.0181264 -0.0120578 -0.00878366 0.999724
0000000021.000000 -9.26955 -3.65441 335.177 0.0174055 -0.0121393 -0.00890574 0.999735
0000000022.000000 -9.32084 -3.76701 337.582 0.0152023 -0.0121556 -0.00904145 0.99977
0000000023.000000 -9.42025 -3.92775 341.061 0.0108914 -0.0123383 -0.00921766 0.999822
0000000024.000000 -9.49179 -4.0162 343.254 0.00987838 -0.0119349 -0.00935886 0.999836
0000000025.000000 -9.56883 -4.13353 346.442 0.00912349 -0.0114832 -0.00949558 0.999847
0000000026.000000 -9.63574 -4.24119 349.471 0.00861761 -0.0109749 -0.00962812 0.999856
0000000027.000000 -9.66884 -4.30823 351.418 0.00827304 -0.0104146 -0.0097583 0.999864
0000000028.000000 -9.69545 -4.36895 353.273 0.00808084 -0.00979718 -0.0098864 0.99987
0000000029.000000 -9.73252 -4.42741 355.015 0.00656959 -0.00857414 -0.00975188 0.999894
0000000030.000000 -9.75779 -4.48512 356.645 0.00940901 -0.00604425 -0.0103836 0.999884
0000000031.000000 -9.77572 -4.53806 358.184 0.00843924 -0.00580198 -0.0102797 0.999895
0000000032.000000 -9.79976 -4.61354 360.302 0.00782117 -0.00622072 -0.0101941 0.999898
0000000033.000000 -9.8686 -4.68151 362.174 0.0101367 -0.0155582 -0.0137405 0.999733
0000000034.000000 -10.0451 -4.75842 364.375 0.00856477 -0.0449982 -0.0162539 0.998818
0000000035.000000 -10.7132 -4.8152 366.718 0.000140252 -0.155753 -0.0159796 0.987667
0000000036.000000 -11.7375 -4.80153 368.249 -0.0146661 -0.286752 -0.024531 0.957579
0000000037.000000 -13.526 -4.68323 369.683 -0.0248886 -0.460953 -0.0295405 0.886583
0000000038.000000 -15.9583 -4.51106 370.423 -0.0263411 -0.628739 -0.0136256 0.777051
0000000039.000000 -17.639 -4.40409 370.433 -0.0279874 -0.699837 -0.0172622 0.713546
0000000040.000000 -19.3636 -4.29385 370.219 -0.0243376 -0.739414 -0.0224379 0.672437
0000000041.000000 -21.8363 -4.12901 369.825 -0.0237989 -0.755777 -0.0302158 0.653699
0000000042.000000 -24.5384 -3.95429 369.433 -0.0168574 -0.756034 -0.0170243 0.654094
0000000043.000000 -26.8066 -3.8461 369.113 -0.0170652 -0.753479 -0.0200218 0.656946
0000000044.000000 -28.4128 -3.76544 368.886 -0.011309 -0.749167 -0.0239778 0.66185
0000000045.000000 -30.0968 -3.68007 368.689 -0.00886218 -0.742931 -0.0278855 0.668728
0000000046.000000 -31.8597 -3.5889 368.515 -0.00857176 -0.736332 -0.0342774 0.675697
0000000047.000000 -34.6314 -3.42623 368.325 -0.00992276 -0.727695 -0.0342498 0.684974
0000000048.000000 -37.4982 -3.23974 368.169 -0.016389 -0.723925 -0.0377798 0.688649
0000000049.000000 -39.4362 -3.10107 368.059 -0.0162841 -0.723588 -0.0383938 0.688972
0000000050.000000 -42.4757 -2.88739 367.902 -0.0152393 -0.722941 -0.0380382 0.689693
0000000051.000000 -44.5471 -2.7457 367.802 -0.0135715 -0.72214 -0.0370395 0.690621
0000000052.000000 -46.7079 -2.60483 367.699 -0.0139092 -0.721298 -0.0374471 0.691472
0000000053.000000 -48.8894 -2.46906 367.605 -0.0142689 -0.720401 -0.0378804 0.692375
0000000054.000000 -51.0723 -2.33039 367.506 -0.0146645 -0.71947 -0.038353 0.693308
0000000055.000000 -53.2778 -2.17984 367.407 -0.0151368 -0.718502 -0.0389086 0.694271
0000000056.000000 -55.4748 -2.02944 367.309 -0.0156883 -0.717497 -0.0395496 0.695261
0000000057.000000 -57.647 -1.8881 367.231 -0.0149297 -0.718077 -0.0390654 0.694706
0000000058.000000 -59.8571 -1.74086 367.149 -0.0146035 -0.718297 -0.0390524 0.694487
0000000059.000000 -62.0167 -1.60217 367.062 -0.0146954 -0.718175 -0.039496 0.694586
0000000060.000000 -64.1725 -1.46748 366.972 -0.0151991 -0.717719 -0.0403897 0.694994
0000000061.000000 -66.322 -1.3229 366.894 -0.0161243 -0.716916 -0.0417424 0.695722
0000000062.000000 -69.4978 -1.11283 366.803 -0.0150189 -0.712181 -0.0424284 0.700551
0000000063.000000 -71.6156 -0.966708 366.771 -0.0171951 -0.709437 -0.044179 0.703172
0000000064.000000 -74.7214 -0.728951 366.783 -0.0208274 -0.704541 -0.0474839 0.707766
0000000065.000000 -77.6782 -0.500501 366.814 -0.0191892 -0.702084 -0.040993 0.710654
0000000066.000000 -79.5626 -0.376542 366.84 -0.0169234 -0.703939 -0.0380558 0.709038
0000000067.000000 -82.2223 -0.222523 366.854 -0.0146737 -0.703618 -0.0358944 0.70952
0000000068.000000 -84.8217 -0.0798617 366.865 -0.0178437 -0.708965 -0.0306643 0.70435
0000000069.000000 -87.4174 0.0699252 366.794 -0.019323 -0.722304 -0.029925 0.690657
0000000070.000000 -89.9851 0.211522 366.593 -0.0139245 -0.736738 -0.0285827 0.67543
0000000071.000000 -92.587 0.345493 366.3 -0.010403 -0.744509 -0.0315928 0.666783
0000000072.000000 -95.2488 0.489233 365.97 -0.0106445 -0.745349 -0.0320438 0.665819
0000000073.000000 -98.0502 0.672076 365.671 -0.0186326 -0.742449 -0.0446812 0.668151
0000000074.000000 -99.967 0.837252 365.461 -0.013152 -0.737808 -0.0478584 0.673183
0000000075.000000 -101.937 1.00975 365.281 -0.00811529 -0.732054 -0.0452496 0.679693
0000000076.000000 -104.075 1.17831 365.151 -0.0150372 -0.727483 -0.0481539 0.684269
0000000077.000000 -106.243 1.35675 365.033 -0.00781637 -0.724806 -0.0417794 0.68764
0000000078.000000 -108.452 1.50417 364.901 -0.00618224 -0.721041 -0.049338 0.691106
0000000079.000000 -110.718 1.65232 364.81 -0.000266823 -0.71711 -0.0431383 0.695623
0000000080.000000 -113.052 1.7893 364.762 -0.0038897 -0.712446 -0.0386108 0.700653
0000000081.000000 -115.447 1.93596 364.743 -0.011066 -0.706438 -0.0439607 0.706322
0000000082.000000 -117.793 2.0996 364.751 -0.00955451 -0.703032 -0.0435137 0.709761
0000000083.000000 -120.122 2.24612 364.779 -0.00933582 -0.702545 -0.0436264 0.71024
0000000084.000000 -122.459 2.40227 364.793 -0.00896955 -0.701873 -0.0436027 0.71091
0000000085.000000 -124.773 2.53927 364.818 -0.00788916 -0.702747 -0.0363052 0.710469
0000000086.000000 -127.1 2.65572 364.843 -0.0117145 -0.706385 -0.0302416 0.707084
0000000087.000000 -129.413 2.77162 364.818 -0.0134034 -0.709898 -0.0332166 0.703393
0000000088.000000 -131.743 2.90133 364.764 -0.00716582 -0.71226 -0.0347641 0.701018
0000000089.000000 -134.088 3.0138 364.716 -0.00743663 -0.711938 -0.0346456 0.701348
0000000090.000000 -136.433 3.13369 364.679 -0.0150887 -0.713424 -0.0371821 0.699583
0000000091.000000 -137.603 3.20623 364.652 -0.0157516 -0.714272 -0.0374139 0.69869
0000000092.000000 -139.891 3.33944 364.586 -0.0097807 -0.716331 -0.0353797 0.696795
0000000093.000000 -141.03 3.40568 364.555 -0.00898344 -0.717457 -0.0350273 0.695664
0000000094.000000 -142.168 3.4602 364.513 -0.00826596 -0.71842 -0.0347642 0.694691
0000000095.000000 -144.431 3.58685 364.449 -0.0136572 -0.721126 -0.0355474 0.691757
0000000096.000000 -146.677 3.71649 364.331 -0.0132431 -0.721452 -0.0356435 0.69142
0000000097.000000 -147.788 3.77356 364.27 -0.0129048 -0.72162 -0.035827 0.691242
0000000098.000000 -149.994 3.8928 364.159 -0.0094405 -0.723147 -0.0336815 0.689807
0000000099.000000 -153.351 4.06365 363.981 -0.0156474 -0.723629 -0.0368247 0.689028
0000000100.000000 -155.542 4.20384 363.866 -0.0158364 -0.722692 -0.0376128 0.689964
0000000101.000000 -158.791 4.40156 363.702 -0.0156148 -0.721696 -0.0382873 0.690974
0000000102.000000 -160.911 4.52649 363.602 -0.0135444 -0.721435 -0.0334749 0.69154
0000000103.000000 -163.039 4.64695 363.509 -0.0132258 -0.721624 -0.0339951 0.691324
0000000104.000000 -165.135 4.76104 363.409 -0.0128787 -0.722368 -0.0344599 0.690529
0000000105.000000 -167.227 4.87134 363.283 -0.00562973 -0.720132 -0.0364102 0.692858
0000000106.000000 -169.36 4.97947 363.178 -0.00609559 -0.716689 -0.0396329 0.696239
0000000107.000000 -172.563 5.15165 363.123 -0.00817664 -0.711775 -0.0341866 0.701527
0000000108.000000 -174.722 5.25715 363.104 -0.0100838 -0.708503 -0.0291391 0.705034
0000000109.000000 -176.888 5.36598 363.113 -0.0180415 -0.705808 -0.0287903 0.707588
0000000110.000000 -179.076 5.49673 363.125 -0.0180186 -0.705453 -0.0285369 0.707953
0000000111.000000 -180.16 5.55319 363.116 -0.0179967 -0.705107 -0.0282842 0.708308
0000000112.000000 -182.347 5.67696 363.105 -0.014583 -0.702625 -0.033273 0.710633
0000000113.000000 -184.571 5.8084 363.115 -0.00931701 -0.699092 -0.0351156 0.714108
0000000114.000000 -186.81 5.92738 363.147 -0.00874168 -0.695138 -0.0372911 0.717855
0000000115.000000 -189.084 6.05484 363.234 -0.00873597 -0.694869 -0.0370472 0.718128
0000000116.000000 -191.361 6.17839 363.312 -0.00873234 -0.694621 -0.0368043 0.71838
0000000117.000000 -193.634 6.29225 363.387 -0.00873068 -0.694394 -0.0365627 0.718613
0000000118.000000 -195.904 6.40537 363.463 -0.00873097 -0.694187 -0.0363222 0.718824
0000000119.000000 -198.157 6.51574 363.542 -0.00873317 -0.694001 -0.0360829 0.719016
0000000120.000000 -200.413 6.6256 363.623 -0.00873729 -0.693836 -0.0358448 0.719188
0000000121.000000 -202.644 6.73151 363.707 -0.00874327 -0.693691 -0.0356079 0.719339
0000000122.000000 -204.865 6.84278 363.789 -0.0109158 -0.690478 -0.0375659 0.722295
0000000123.000000 -207.05 6.9565 363.896 -0.0100609 -0.686235 -0.0399764 0.72621
0000000124.000000 -209.18 7.06417 364.029 -0.00814318 -0.681189 -0.0392103 0.731012
0000000125.000000 -211.247 7.16159 364.187 -0.00885847 -0.67681 -0.0381544 0.735115
0000000126.000000 -213.235 7.25092 364.364 -0.00887925 -0.67676 -0.0379232 0.735172
0000000127.000000 -215.191 7.3454 364.532 -0.0130686 -0.674751 -0.0388313 0.736908
0000000128.000000 -217.075 7.43534 364.707 -0.0130933 -0.674737 -0.038602 0.736931
0000000129.000000 -218.882 7.54015 364.869 -0.00812551 -0.672854 -0.0366423 0.738823
0000000130.000000 -220.622 7.6203 365.031 -0.0131509 -0.668369 -0.0461663 0.742279
0000000131.000000 -222.256 7.72214 365.21 -0.0090023 -0.661836 -0.046105 0.748176
0000000132.000000 -223.782 7.79858 365.438 -0.00950325 -0.653561 -0.0440815 0.755529
0000000133.000000 -226.52 7.9277 366.006 -0.00898201 -0.629528 -0.0332647 0.776214
0000000134.000000 -229.458 8.03587 366.8 -0.0196113 -0.610527 -0.0233609 0.791408
0000000135.000000 -231.018 8.10723 367.222 -0.0196692 -0.610643 -0.023144 0.791323
0000000136.000000 -232.451 8.16108 367.565 -0.0208442 -0.619268 -0.0245629 0.784519
0000000137.000000 -233.727 8.22546 367.81 -0.0205529 -0.633767 -0.0218174 0.772943
0000000138.000000 -235.372 8.2984 367.978 -0.01966 -0.66601 -0.0244853 0.745281
0000000139.000000 -236.951 8.37474 368.016 -0.0184377 -0.694804 -0.0274368 0.718439
0000000140.000000 -238.577 8.46342 367.962 -0.0118068 -0.708626 -0.0323879 0.704742
0000000141.000000 -239.434 8.50887 367.947 -0.0118418 -0.708804 -0.0321679 0.704572
0000000142.000000 -240.303 8.55296 367.941 -0.0118776 -0.708991 -0.0319485 0.704393
0000000143.000000 -241.59 8.62016 367.952 -0.00700026 -0.701313 -0.0352663 0.711946
0000000144.000000 -243.307 8.70772 368.056 -0.0060662 -0.686164 -0.038829 0.726384
0000000145.000000 -246.375 8.83768 368.416 -0.001647 -0.656939 -0.0379223 0.752988
0000000146.000000 -249.889 8.96213 368.707 -0.00459777 -0.714872 -0.029313 0.698626
0000000147.000000 -252.468 9.11744 368.022 -0.010014 -0.815603 -0.0324586 0.577614
0000000148.000000 -254.464 9.26 366.806 0.018116 0.891046 0.0240316 -0.452913
0000000149.000000 -255.545 9.33509 365.614 0.0243499 0.928819 0.0249669 -0.368889
0000000150.000000 -256.531 9.43129 364.138 0.0314152 0.959175 0.0245768 -0.279986
0000000151.000000 -257.05 9.5226 362.989 0.031003 0.97274 0.0250689 -0.228444
0000000152.000000 -257.525 9.59729 361.721 0.0317271 0.981821 0.0261427 -0.185303
0000000153.000000 -257.941 9.67898 360.345 0.0337692 0.988228 0.0264339 -0.146858
0000000154.000000 -258.288 9.75948 358.876 0.0371158 0.992383 0.0215492 -0.115476
0000000155.000000 -258.581 9.83748 357.311 0.0403739 0.995143 0.0167233 -0.0882065
0000000156.000000 -258.818 9.90417 355.638 0.0460073 0.996828 0.0187167 -0.0621845
0000000157.000000 -258.961 9.97635 353.88 0.0458429 0.997888 0.0192008 -0.041817
0000000158.000000 -259.05 10.0421 352.039 0.0390535 0.998619 0.0161815 -0.0312073
0000000159.000000 -259.197 10.1456 349.089 0.0389501 0.998644 0.0160071 -0.0305961
0000000160.000000 -259.326 10.2132 347.02 0.0388471 0.99867 0.0158337 -0.0299718
0000000161.000000 -259.445 10.2806 344.882 0.0387443 0.998696 0.0156616 -0.0293341
0000000162.000000 -259.551 10.3463 342.691 0.0386418 0.998721 0.0154907 -0.0286829
0000000163.000000 -259.668 10.4008 340.457 0.0385395 0.998747 0.0153212 -0.0280179
0000000164.000000 -259.778 10.4499 338.179 0.0384374 0.998772 0.0151533 -0.0273387
0000000165.000000 -259.887 10.5173 335.856 0.0383356 0.998797 0.0149866 -0.0266453
0000000166.000000 -259.996 10.5861 333.471 0.0400603 0.998731 0.0207056 -0.0224295
0000000167.000000 -260.091 10.6613 331.08 0.0399543 0.998754 0.0205431 -0.0217072
0000000168.000000 -260.173 10.7145 328.711 0.0365804 0.999118 0.00784986 -0.0190814
0000000169.000000 -260.24 10.7278 326.341 0.0339959 0.999214 0.0134985 -0.015282
0000000170.000000 -260.288 10.7869 323.99 0.0327235 0.999221 0.0198373 -0.00962433
0000000171.000000 -260.303 10.8537 321.61 0.032684 0.999295 0.0181222 -0.00357943
0000000172.000000 -260.276 10.9053 319.276 0.0327421 0.999289 0.0185097 0.0026289
0000000173.000000 -260.261 10.9632 316.91 0.0343512 0.999173 0.019612 0.00945628
0000000174.000000 -260.188 11.0204 314.584 0.0353197 0.999054 0.0195645 0.0161703
0000000175.000000 -260.106 11.0799 312.245 0.0371174 0.998868 0.019182 0.0227268
0000000176.000000 -259.973 11.1316 309.938 0.0379567 0.998707 0.0183672 0.0283882
0000000177.000000 -259.831 11.1737 307.648 0.0408697 0.998442 0.0171774 0.033886
0000000178.000000 -259.659 11.2186 305.363 0.0434106 0.99812 0.017243 0.0396946
0000000179.000000 -259.461 11.2675 303.086 0.0449403 0.997808 0.0176129 0.0452719
0000000180.000000 -259.24 11.3008 300.831 0.0448256 0.997775 0.0174791 0.0461522
0000000181.000000 -259.006 11.3383 298.572 0.044711 0.997741 0.0173467 0.0470421
0000000182.000000 -258.771 11.3797 296.305 0.0445963 0.997706 0.0172157 0.0479417
0000000183.000000 -258.55 11.4219 294.014 0.0444816 0.997669 0.0170859 0.0488513
0000000184.000000 -258.305 11.4664 291.734 0.044367 0.997631 0.0169573 0.0497705
0000000185.000000 -258.068 11.5036 289.443 0.0442524 0.997591 0.0168301 0.0506996
0000000186.000000 -257.811 11.5426 287.139 0.0441377 0.99755 0.0167042 0.0516383
0000000187.000000 -257.687 11.5665 285.982 0.0440231 0.997508 0.0165789 0.052582
0000000188.000000 -257.434 11.6054 283.645 0.0439084 0.997464 0.0164549 0.0535356
0000000189.000000 -257.159 11.6382 281.324 0.0437937 0.997419 0.0163323 0.0544988
0000000190.000000 -256.871 11.6801 278.98 0.0436791 0.997373 0.0162109 0.0554716
0000000191.000000 -256.584 11.722 276.622 0.0405373 0.997255 0.0148481 0.0601489
0000000192.000000 -256.423 11.7403 275.437 0.0404232 0.997202 0.014726 0.0611356
0000000193.000000 -256.115 11.7768 273.064 0.0395623 0.996875 0.0149748 0.0667148
0000000194.000000 -255.946 11.7916 271.881 0.0394471 0.996814 0.0148543 0.0677152
0000000195.000000 -255.776 11.8031 270.682 0.0393318 0.996751 0.0147345 0.0687202
0000000196.000000 -255.429 11.8353 268.294 0.0393419 0.996258 0.0167444 0.0751119
0000000197.000000 -255.035 11.8725 265.901 0.038058 0.995775 0.0182042 0.0815632
0000000198.000000 -254.616 11.9226 263.503 0.0370417 0.995285 0.0161302 0.0881768
0000000199.000000 -254.175 11.9509 261.101 0.0374638 0.99464 0.0146206 0.0952626
0000000200.000000 -253.671 11.9833 258.688 0.0360631 0.994071 0.0158449 0.101344
0000000201.000000 -253.405 12.0009 257.466 0.0359415 0.99397 0.0157317 0.102392
0000000202.000000 -253.138 12.0169 256.244 0.0358199 0.993867 0.015619 0.103443
0000000203.000000 -252.622 12.0456 253.815 0.0376967 0.993138 0.0145754 0.109745
0000000204.000000 -252.343 12.0581 252.612 0.0375751 0.993026 0.0144672 0.110807
0000000205.000000 -251.778 12.0711 250.19 0.0405775 0.992069 0.0150912 0.118
0000000206.000000 -251.182 12.0869 247.817 0.0406807 0.991287 0.0170944 0.124112
0000000207.000000 -250.554 12.1124 245.421 0.0405539 0.991158 0.0169949 0.125191
0000000208.000000 -249.922 12.1323 243.032 0.0417991 0.99058 0.0126682 0.129782
0000000209.000000 -249.275 12.141 240.622 0.0416761 0.990443 0.0125732 0.130873
0000000210.000000 -248.611 12.1501 238.235 0.0415529 0.990304 0.0124797 0.131969
0000000211.000000 -247.956 12.1526 235.852 0.0414294 0.990163 0.0123875 0.133071
0000000212.000000 -247.287 12.1563 233.478 0.0425691 0.989332 0.0103157 0.138936
0000000213.000000 -246.58 12.1428 231.135 0.0435785 0.988426 0.00909784 0.145025
0000000214.000000 -246.21 12.1366 229.954 0.0434565 0.988268 0.00901328 0.146138
0000000215.000000 -245.498 12.1282 227.594 0.0453327 0.98722 0.0130465 0.15222
0000000216.000000 -244.745 12.128 225.227 0.0475055 0.986269 0.0121555 0.157702
0000000217.000000 -243.953 12.1065 222.889 0.0474085 0.985601 0.00854493 0.162081
0000000218.000000 -243.136 12.0781 220.552 0.0472839 0.985421 0.0084731 0.163209
0000000219.000000 -242.316 12.0551 218.221 0.047159 0.98524 0.00840292 0.164341
0000000220.000000 -241.522 12.021 215.909 0.0470337 0.985056 0.00833455 0.165475
0000000221.000000 -240.703 11.9854 213.603 0.0469079 0.984871 0.00826798 0.166614
0000000222.000000 -239.889 11.962 211.303 0.0467819 0.984684 0.00820303 0.167755
0000000223.000000 -239.058 11.9293 209.018 0.0466554 0.984495 0.00813982 0.1689
0000000224.000000 -238.24 11.8985 206.721 0.0465286 0.984303 0.00807832 0.170049
0000000225.000000 -237.403 11.8688 204.431 0.0454738 0.983401 0.0100943 0.175363
0000000226.000000 -236.967 11.8554 203.293 0.0453435 0.983202 0.0100347 0.176515
0000000227.000000 -236.098 11.8314 201.021 0.0412365 0.982469 0.00728144 0.181661
0000000228.000000 -235.207 11.7987 198.762 0.0386062 0.981551 0.00551805 0.18718
0000000229.000000 -234.754 11.785 197.644 0.0384791 0.981335 0.00545578 0.188336
0000000230.000000 -234.295 11.7614 196.522 0.0383518 0.981118 0.0053944 0.189493
0000000231.000000 -233.831 11.7447 195.404 0.0382243 0.980899 0.00533381 0.19065
0000000232.000000 -233.373 11.728 194.323 0.0380965 0.980679 0.00527399 0.191808
0000000233.000000 -232.458 11.6866 192.087 0.0384311 0.979364 0.00439343 0.198369
0000000234.000000 -231.508 11.6426 189.855 0.0381187 0.978114 0.0035537 0.20452
0000000235.000000 -231.027 11.617 188.778 0.0379907 0.977875 0.00349982 0.205679
0000000236.000000 -230.059 11.564 186.628 0.0378622 0.977636 0.00344773 0.20684
0000000237.000000 -229.088 11.5241 184.461 0.0395643 0.976403 0.00540028 0.21223
0000000238.000000 -228.089 11.4738 182.307 0.0420315 0.975185 0.00588014 0.217286
0000000239.000000 -227.068 11.4234 180.16 0.043561 0.97392 0.00772775 0.222538
0000000240.000000 -226.037 11.3753 178.047 0.0448113 0.972721 0.00521546 0.227548
0000000241.000000 -224.96 11.325 175.914 0.0446768 0.972456 0.00518277 0.228707
0000000242.000000 -223.873 11.2706 173.78 0.0445419 0.972189 0.0051518 0.229866
0000000243.000000 -222.778 11.2209 171.634 0.0437171 0.970948 0.00303218 0.235244
0000000244.000000 -221.661 11.155 169.499 0.0460507 0.96958 0.00134086 0.2404
0000000245.000000 -220.534 11.0873 167.352 0.0493447 0.967912 0.00321943 0.246375
0000000246.000000 -219.341 11.0122 165.199 0.0501178 0.966433 0.00150311 0.25198
0000000247.000000 -218.739 10.9733 164.125 0.0499833 0.966139 0.00149021 0.25313
0000000248.000000 -217.521 10.8988 162.005 0.0486577 0.964762 0.00390406 0.258556
0000000249.000000 -216.897 10.8571 160.942 0.0485191 0.964461 0.00389329 0.259701
0000000250.000000 -216.262 10.8243 159.881 0.0483801 0.96416 0.00388338 0.260846
0000000251.000000 -215.631 10.7924 158.841 0.0482408 0.963857 0.00387433 0.261989
0000000252.000000 -215.006 10.7464 157.799 0.0481012 0.963553 0.00386633 0.26313
0000000253.000000 -214.375 10.7074 156.746 0.0479613 0.963248 0.00385928 0.264271
0000000254.000000 -213.113 10.6307 154.658 0.0478208 0.962942 0.00385414 0.265409
0000000255.000000 -211.857 10.5596 152.567 0.0455182 0.961726 0.00497511 0.270161
0000000256.000000 -210.559 10.49 150.493 0.045375 0.961414 0.00497156 0.271292
0000000257.000000 -209.283 10.4198 148.431 0.0466313 0.959923 0.00328152 0.276338
0000000258.000000 -207.984 10.3411 146.398 0.0457315 0.958651 -9.06855e-05 0.280887
0000000259.000000 -207.324 10.2948 145.391 0.0455923 0.958328 -8.77186e-05 0.28201
0000000260.000000 -206.013 10.2036 143.385 0.0464307 0.956727 0.00160709 0.287255
0000000261.000000 -204.692 10.114 141.394 0.0466813 0.954776 0.000718572 0.293639
0000000262.000000 -203.324 10.0257 139.412 0.0447119 0.953136 0.00312409 0.299205
0000000263.000000 -201.947 9.94897 137.446 0.0477527 0.951084 0.00440789 0.305186
0000000264.000000 -200.552 9.87441 135.513 0.0482834 0.949011 0.00490846 0.311486
0000000265.000000 -199.108 9.80006 133.584 0.0454791 0.947153 0.00512348 0.317501
0000000266.000000 -197.644 9.72401 131.674 0.0479993 0.94518 0.00280845 0.322992
0000000267.000000 -196.17 9.63961 129.767 0.0498792 0.943332 0.00224486 0.328073
0000000268.000000 -194.641 9.54604 127.849 0.0497305 0.942968 0.00227629 0.32914
0000000269.000000 -193.099 9.44881 125.924 0.050513 0.941161 0.00400173 0.334137
0000000270.000000 -191.547 9.35929 124.015 0.0533162 0.939189 0.00147728 0.339233
0000000271.000000 -189.957 9.25613 122.115 0.0521325 0.937367 -0.000284466 0.344419
0000000272.000000 -188.321 9.13833 120.23 0.0489378 0.935774 -0.00223716 0.34918
0000000273.000000 -186.671 9.01691 118.37 0.0479546 0.933838 -0.00119719 0.354466
0000000274.000000 -184.994 8.89686 116.502 0.0478053 0.933459 -0.00115128 0.355483
0000000275.000000 -184.148 8.83976 115.567 0.0476555 0.93308 -0.00110431 0.356496
0000000276.000000 -182.461 8.71821 113.714 0.0462984 0.931034 4.29429e-05 0.361984
0000000277.000000 -180.769 8.60375 111.856 0.0476194 0.928831 -0.00184315 0.367426
0000000278.000000 -178.104 8.42096 109.064 0.0464805 0.926006 0.000106936 0.374636
0000000279.000000 -176.311 8.29941 107.23 0.0427816 0.924309 -0.00126356 0.379237
0000000280.000000 -174.47 8.17879 105.396 0.0394911 0.923002 -0.00453972 0.382736
0000000281.000000 -172.612 8.04896 103.556 0.0393402 0.922615 -0.00448253 0.383684
0000000282.000000 -170.772 7.92294 101.724 0.0391885 0.922231 -0.00442301 0.384622
0000000283.000000 -168.89 7.79872 99.8995 0.0390359 0.921851 -0.00436122 0.38555
0000000284.000000 -167.013 7.67261 98.063 0.0388826 0.921473 -0.00429712 0.386468
0000000285.000000 -165.113 7.55109 96.2255 0.0387284 0.921098 -0.00423075 0.387376
0000000286.000000 -163.21 7.43222 94.3874 0.034069 0.920885 -0.00327934 0.38833
0000000287.000000 -161.324 7.31115 92.5547 0.0339123 0.920516 -0.00321283 0.389218
0000000288.000000 -159.45 7.19029 90.6986 0.0430511 0.920218 -0.000798259 0.38903
0000000289.000000 -157.579 7.0661 88.8437 0.0483925 0.920113 0.00235194 0.388644
0000000290.000000 -155.728 6.94954 87.0131 0.0482284 0.919758 0.00243884 0.389503
0000000291.000000 -153.845 6.8361 85.2034 0.0480635 0.919406 0.00252779 0.390353
0000000292.000000 -151.956 6.71322 83.3936 0.0478979 0.919058 0.00261893 0.391193
0000000293.000000 -150.065 6.59325 81.5663 0.0477316 0.918712 0.00271223 0.392023
0000000294.000000 -148.191 6.46804 79.7567 0.0475645 0.91837 0.00280777 0.392844
0000000295.000000 -146.31 6.359 77.9623 0.0473966 0.918031 0.00290532 0.393654
0000000296.000000 -144.448 6.25307 76.1904 0.0472281 0.917696 0.00300482 0.394455
0000000297.000000 -142.552 6.14014 74.4054 0.0470588 0.917364 0.00310639 0.395246
0000000298.000000 -140.668 6.02983 72.6386 0.0468888 0.917035 0.00320998 0.396027
0000000299.000000 -138.807 5.91857 70.8676 0.0467181 0.91671 0.00331563 0.396799
0000000300.000000 -136.909 5.80816 69.0914 0.0465466 0.916388 0.00342333 0.39756
0000000301.000000 -135 5.69962 67.3161 0.0463745 0.91607 0.00353304 0.398312
0000000302.000000 -133.088 5.58603 65.5521 0.0462015 0.915756 0.00364485 0.399053
0000000303.000000 -131.178 5.47048 63.7736 0.0460279 0.915445 0.00375879 0.399785
0000000304.000000 -129.288 5.37186 62.0095 0.0458535 0.915138 0.00387464 0.400506
0000000305.000000 -127.373 5.26815 60.2429 0.0456785 0.914834 0.00399247 0.401218
0000000306.000000 -125.451 5.15715 58.4904 0.0455026 0.914535 0.00411238 0.401919
0000000307.000000 -123.535 5.04715 56.7655 0.0423671 0.914577 0.000196633 0.402187
0000000308.000000 -122.58 4.98701 55.897 0.0421931 0.914282 0.000317396 0.402874
0000000309.000000 -120.67 4.86555 54.1656 0.0420184 0.913992 0.000440437 0.403551
0000000310.000000 -118.757 4.75075 52.4387 0.0418429 0.913705 0.000565668 0.404218
0000000311.000000 -117.803 4.68592 51.578 0.0416669 0.91342 0.000692097 0.404879
0000000312.000000 -116.853 4.62706 50.7181 0.0414906 0.913137 0.000819644 0.405535
0000000313.000000 -114.939 4.51498 48.9768 0.0413135 0.912858 0.000949383 0.406182
0000000314.000000 -113.023 4.39299 47.2518 0.0411357 0.912582 0.00108145 0.406818
0000000315.000000 -112.055 4.34365 46.3811 0.0409574 0.912308 0.00121452 0.407448
0000000316.000000 -110.1 4.24294 44.6475 0.0382144 0.912079 0.00536858 0.408194
0000000317.000000 -108.159 4.15019 42.9308 0.0380319 0.911813 0.00550393 0.408803
0000000318.000000 -106.237 4.08169 41.1833 0.0378488 0.911551 0.00564094 0.409403
0000000319.000000 -104.286 4.00802 39.4499 0.037665 0.911293 0.00577966 0.409991
0000000320.000000 -102.328 3.92224 37.7075 0.0374805 0.911039 0.00592029 0.41057
0000000321.000000 -101.35 3.87797 36.8442 0.0372956 0.910787 0.00606189 0.411143
0000000322.000000 -99.4089 3.80794 35.1341 0.0371101 0.91054 0.00620517 0.411706
0000000323.000000 -97.4439 3.72701 33.4012 0.0369238 0.910297 0.00635032 0.412258
0000000324.000000 -95.4782 3.6448 31.6692 0.0367369 0.910058 0.00649736 0.412799
0000000325.000000 -93.4874 3.57101 29.9333 0.0365493 0.909823 0.00664618 0.41333
0000000326.000000 -91.4914 3.49691 28.2001 0.036361 0.909593 0.0067968 0.41385
0000000327.000000 -89.5354 3.42582 26.4875 0.036172 0.909367 0.00694918 0.41436
0000000328.000000 -87.5412 3.35092 24.7744 0.0359823 0.909146 0.00710338 0.414859
0000000329.000000 -85.5392 3.27507 23.0436 0.0357919 0.90893 0.00725943 0.415347
0000000330.000000 -83.5332 3.19762 21.3205 0.0356007 0.908718 0.00741737 0.415823
0000000331.000000 -81.5339 3.11542 19.5993 0.0354089 0.908511 0.00757727 0.416289
0000000332.000000 -79.5462 3.03009 17.9066 0.0352164 0.908308 0.00773918 0.416744
0000000333.000000 -77.5293 2.97047 16.1894 0.0350232 0.908111 0.00790275 0.417188
0000000334.000000 -75.5505 2.89406 14.5139 0.0348292 0.907918 0.00806821 0.417621
0000000335.000000 -73.5666 2.82838 12.8242 0.0346346 0.907729 0.00823544 0.418043
0000000336.000000 -71.6176 2.75384 11.1581 0.0344393 0.907546 0.00840456 0.418454
0000000337.000000 -69.6745 2.67906 9.49194 0.0342434 0.907367 0.00857559 0.418855
0000000338.000000 -67.7291 2.60852 7.83229 0.0340467 0.907192 0.00874849 0.419245
0000000339.000000 -65.7804 2.55048 6.15786 0.0338494 0.907023 0.00892309 0.419624
0000000340.000000 -64.8111 2.52493 5.32435 0.0336517 0.906855 0.0090985 0.419998
0000000341.000000 -62.8757 2.44775 3.68322 0.0367768 0.907111 0.00564916 0.419244
0000000342.000000 -60.9571 2.36242 2.04193 0.036579 0.906954 0.00582974 0.419597
0000000343.000000 -60.0045 2.32724 1.23496 0.0363808 0.9068 0.00601124 0.419945
0000000344.000000 -58.1056 2.23551 -0.363778 0.036182 0.90665 0.00619491 0.420283
0000000345.000000 -57.1732 2.18505 -1.14204 0.0359827 0.906503 0.00637972 0.420615
0000000346.000000 -55.3227 2.10939 -2.71614 0.0357828 0.90636 0.00656649 0.420937
0000000347.000000 -53.5163 2.01356 -4.22753 0.0355821 0.906222 0.00675548 0.421249
0000000348.000000 -51.7387 1.93662 -5.69935 0.0353807 0.906088 0.00694641 0.42155
0000000349.000000 -50.0129 1.84716 -7.13238 0.0351787 0.905958 0.00713944 0.421842
0000000350.000000 -48.2979 1.77569 -8.55808 0.034976 0.905833 0.00733433 0.422124
0000000351.000000 -46.6394 1.70457 -9.95824 0.0347727 0.905712 0.00753108 0.422397
0000000352.000000 -45.038 1.64416 -11.2908 0.0345688 0.905596 0.0077295 0.42266
0000000353.000000 -43.489 1.58048 -12.5749 0.0343642 0.905483 0.00792962 0.422915
0000000354.000000 -42.0081 1.51238 -13.7996 0.031468 0.903751 0.00875317 0.426811
0000000355.000000 -41.2948 1.4879 -14.3731 0.0312632 0.903642 0.00895584 0.427053
0000000356.000000 -40.5955 1.46072 -14.9258 0.0310581 0.903535 0.00915925 0.42729
0000000357.000000 -39.2347 1.40322 -16.0088 0.030428 0.900157 0.00760465 0.434436
0000000358.000000 -37.9126 1.34036 -17.0177 0.0301053 0.894415 0.00613027 0.446182
0000000359.000000 -37.2541 1.31304 -17.4789 0.0287306 0.890648 0.00615655 0.453744
0000000360.000000 -35.9397 1.25936 -18.363 0.0272174 0.881001 0.00600281 0.472293
0000000361.000000 -34.6123 1.20509 -19.1366 0.0246178 0.8684 0.0049052 0.495228
0000000362.000000 -33.2631 1.15766 -19.8068 0.0217323 0.852296 0.00427418 0.52259
0000000363.000000 -31.9071 1.10793 -20.3581 0.0178673 0.831375 0.000750042 0.555424
0000000364.000000 -30.5215 1.0679 -20.7882 0.0138363 0.805851 -0.00110002 0.591955
0000000365.000000 -29.134 1.01026 -21.0735 0.00911108 0.777832 -0.00357065 0.628396
0000000366.000000 -27.7456 0.978348 -21.2255 0.00825942 0.744936 -0.00329691 0.667077
0000000367.000000 -26.3636 0.9364 -21.213 0.00476652 0.708704 -0.00227245 0.705486
0000000368.000000 -24.3552 0.881284 -20.9307 0.00543868 0.649951 -0.00597865 0.759933
0000000369.000000 -23.0855 0.848144 -20.5668 0.00490167 0.608678 -0.00723537 0.79337
0000000370.000000 -21.8501 0.816599 -20.0657 7.66844e-05 0.566698 -0.00916507 0.823874
0000000371.000000 -20.1457 0.770306 -19.116 -0.00385946 0.510388 -0.0137273 0.859826
0000000372.000000 -18.5412 0.73841 -18.042 -0.00270729 0.476194 -0.0238193 0.879013
0000000373.000000 -16.9626 0.689106 -16.944 -0.00247018 0.465238 -0.0223775 0.884899
0000000374.000000 -15.3853 0.633714 -15.8558 -0.00251886 0.465271 -0.0220731 0.88489
0000000375.000000 -13.8712 0.577621 -14.8368 -0.0020237 0.471273 -0.0191227 0.881778
0000000376.000000 -12.3997 0.528626 -13.9034 0.000717021 0.48068 -0.0144599 0.876776
0000000377.000000 -11.0269 0.46958 -13.0508 0.00279134 0.48977 -0.0125691 0.871757
0000000378.000000 -9.31722 0.396092 -12.0688 0.00375877 0.500616 -0.00759023 0.865628
0000000379.000000 -7.53049 0.328247 -11.0851 0.0028632 0.511763 -0.00570335 0.859103
0000000380.000000 -5.52083 0.261495 -10.0212 0.0109053 0.51371 -0.00608594 0.857873
0000000381.000000 -3.74545 0.18181 -8.76902 0.0164134 0.447182 -0.0117724 0.894215
0000000382.000000 -2.47491 0.108721 -7.45546 0.00842837 0.368459 -0.0100131 0.929552
0000000383.000000 -1.41702 0.0681493 -5.90324 0.00442544 0.290512 -0.00843782 0.956824
0000000384.000000 -0.634234 0.0598195 -4.29631 0.00352965 0.218739 -0.00458091 0.975766
0000000385.000000 -0.151041 0.0574423 -2.83078 -0.000237473 0.163065 0.00102825 0.986615
0000000386.000000 0.22668 0.0467093 -1.13328 -0.000363158 0.103874 0.00968496 0.994543
0000000387.000000 0.426868 0.0441902 0.75368 0.000897552 0.0517761 0.00972373 0.998611
0000000388.000000 0.49898 0.0450027 2.12997 0.000780194 0.0253721 0.0118336 0.999608
0000000389.000000 0.482423 0.0416361 4.33637 -0.000311353 -0.00563731 0.0103197 0.999931
0000000390.000000 0.363284 0.0369175 6.71107 -0.000820385 -0.0190417 0.00539735 0.999804
0000000391.000000 0.257311 0.0315635 9.25442 -0.000726971 -0.0186404 0.00570555 0.99981
0000000392.000000 0.134007 0.0180709 11.9318 0.00234274 -0.0191034 0.00265392 0.999811
0000000393.000000 0.0505505 0.00938789 13.8077 0.00243143 -0.018673 0.00296089 0.999818
0000000394.000000 -0.0324373 -0.00538925 15.7178 0.00251866 -0.0182309 0.00326791 0.999825
0000000395.000000 -0.112934 -0.0340359 17.6614 0.00260456 -0.017777 0.00357506 0.999832
0000000396.000000 -0.196276 -0.052425 19.6613 0.00120349 -0.0215287 0.00489765 0.999756
0000000397.000000 -0.309327 -0.0624159 21.6806 -0.00319586 -0.0282426 0.00526641 0.999582
0000000398.000000 -0.508667 -0.0702055 24.768 0.000210649 -0.0328907 0.00389442 0.999451
0000000399.000000 -0.748353 -0.0883984 27.9591 -0.00396924 -0.0334711 0.00550774 0.999417
0000000400.000000 -0.892363 -0.100493 30.1043 -0.00338481 -0.0304074 0.00576815 0.999515
0000000401.000000 -1.02916 -0.11983 32.2147 -0.00243849 -0.0270937 0.00657532 0.999608
0000000402.000000 -1.15954 -0.130799 34.3838 -0.00346386 -0.0234256 0.0031816 0.999715
0000000403.000000 -1.25231 -0.133027 36.5383 -0.00344525 -0.0217929 0.00396128 0.999749
0000000404.000000 -1.40991 -0.144797 39.8079 -0.00463658 -0.018463 -0.000945115 0.999818
0000000405.000000 -1.49523 -0.149832 42.0272 -0.00576706 -0.0191418 -0.00020877 0.9998
0000000406.000000 -1.63716 -0.13315 45.452 -0.00614214 -0.0189407 1.45053e-05 0.999802
0000000407.000000 -1.72813 -0.135033 47.7431 -0.00659583 -0.0184399 0.000237941 0.999808
0000000408.000000 -1.81344 -0.122822 50.0597 -0.00718637 -0.0175964 0.000459096 0.999819
0000000409.000000 -1.87674 -0.104498 52.384 -0.00793248 -0.0163064 0.000678369 0.999835
0000000410.000000 -1.94823 -0.0828781 54.7269 -0.0133519 -0.0145344 0.00297897 0.999801
0000000411.000000 -2.05584 -0.0332221 58.2794 -0.00692206 -0.0136165 0.00033147 0.999883
0000000412.000000 -2.14344 -0.021001 60.6564 -0.0070154 -0.0135584 1.40594e-05 0.999883
0000000413.000000 -2.21587 -0.00527201 63.0449 -0.00692716 -0.0138889 -0.000301299 0.99988
0000000414.000000 -2.28747 0.00148661 65.3835 -0.00789722 -0.0145642 -0.000643497 0.999863
0000000415.000000 -2.37828 0.0189537 67.7334 -0.0081547 -0.0145517 -0.000968017 0.99986
0000000416.000000 -2.44928 0.012678 70.0634 -0.000571412 -0.0143858 -0.0017391 0.999895
0000000417.000000 -2.51321 -0.025163 72.3761 0.000143318 -0.0133076 -0.00203879 0.999909
0000000418.000000 -2.601 -0.0711504 75.8669 0.000810434 -0.0110812 0.00380236 0.999931
0000000419.000000 -2.68361 -0.0998141 79.392 -0.00658223 -0.0101079 0.00198418 0.999925
0000000420.000000 -2.75213 -0.0980627 81.7081 -0.00658223 -0.0101079 0.00198418 0.999925
0000000421.000000 -2.82148 -0.111094 83.971 -0.000806558 -0.00967565 -0.0015453 0.999952
0000000422.000000 -2.87534 -0.14179 87.37 -0.0066501 -0.00832592 0.00293561 0.999939
0000000423.000000 -2.89934 -0.13675 89.6248 -0.00779399 -0.00768781 0.00780506 0.99991
0000000424.000000 -2.92743 -0.134836 91.8693 -0.00405379 -0.0070946 0.0105231 0.999911
