0000000001.000000 116.774 -5.96338 213.046 -0.0407701 -0.724305 -0.0218985 0.687924
0000000002.000000 114.897 -5.83667 212.984 -0.0379631 -0.716001 -0.0147781 0.696909
0000000003.000000 113.024 -5.73639 212.973 -0.0387592 -0.719364 -0.00996541 0.693479
0000000004.000000 112.118 -5.69054 212.972 -0.0430736 -0.728755 -0.0114704 0.683322
0000000005.000000 110.099 -5.54498 212.791 -0.0386102 -0.720497 -0.0113085 0.69229
0000000006.000000 108.174 -5.43298 212.763 -0.037954 -0.722972 -0.0104407 0.689755
0000000007.000000 106.319 -5.35036 212.678 -0.040381 -0.723564 -0.00946398 0.68901
0000000008.000000 104.451 -5.23561 212.553 -0.0432247 -0.722307 -0.0105533 0.69014
0000000009.000000 102.567 -5.15363 212.488 -0.0480693 -0.72395 -0.0141818 0.68803
0000000010.000000 100.693 -4.96073 212.325 -0.0427697 -0.719982 -0.0126895 0.692558
0000000011.000000 98.9444 -4.84789 212.338 -0.0410139 -0.728397 -0.00925067 0.683864
0000000012.000000 97.1712 -4.81143 212.12 -0.045718 -0.721715 -0.0107841 0.690595
0000000013.000000 95.5603 -4.69746 212.083 -0.0435215 -0.724258 -0.0115631 0.688058
0000000014.000000 93.9455 -4.59187 211.983 -0.0427817 -0.723806 -0.0119645 0.688572
0000000015.000000 92.3817 -4.49656 211.893 -0.042014 -0.727123 -0.0115345 0.685124
0000000016.000000 90.2817 -4.36202 211.683 -0.0398477 -0.716821 -0.0112859 0.696026
0000000017.000000 87.1551 -4.23124 211.86 -0.0354472 -0.68072 -0.00770846 0.731645
0000000018.000000 83.7347 -4.03493 212.531 -0.0335201 -0.61018 -0.0152132 0.791407
0000000019.000000 80.6926 -3.85912 213.975 -0.0174287 -0.476225 -0.0251918 0.87879
0000000020.000000 79.0741 -3.77549 215.589 -0.0105664 -0.360163 -0.0209018 0.932595
0000000021.000000 77.8864 -3.77324 217.577 0.00269028 -0.254461 -0.0172176 0.966926
0000000022.000000 77.0925 -3.77533 219.943 0.00205753 -0.150583 -0.0102512 0.988542
0000000023.000000 76.7377 -3.81376 221.919 0.00877118 -0.0762229 -0.012136 0.996978
0000000024.000000 76.631 -3.87377 224.015 0.0199441 -0.0265031 -0.00435333 0.99944
0000000025.000000 76.6263 -3.93462 225.494 0.0115616 -0.00747844 -0.00449096 0.999895
0000000026.000000 76.6789 -4.00266 227.757 0.0013768 0.0065928 0.000220141 0.999977
0000000027.000000 76.7775 -4.06795 230.527 0.000594076 -0.0012974 0.00226995 0.999996
0000000028.000000 76.7796 -4.09394 232.938 0.000734315 -0.00166159 0.00216684 0.999996
0000000029.000000 76.7955 -4.13738 235.42 0.00923902 -0.00377818 0.0128267 0.999868
0000000030.000000 76.777 -4.20214 238.845 -0.00107028 -0.00832953 0.0182924 0.999797
0000000031.000000 76.6711 -4.21309 242.41 -0.00253047 -0.0108807 0.00706006 0.999913
0000000032.000000 76.6039 -4.23867 245.161 0.00524069 -0.0114432 0.00455758 0.99991
0000000033.000000 76.5266 -4.2699 248.037 -0.00235494 -0.00972596 -0.000898352 0.99995
0000000034.000000 76.4629 -4.27331 250.99 -0.00222215 -0.01006 -0.00100329 0.999946
0000000035.000000 76.4097 -4.27355 253.008 0.00473653 -0.0107968 0.000469465 0.99993
0000000036.000000 76.3576 -4.30378 255.076 -0.00534189 -0.0124129 -0.00042993 0.999909
0000000037.000000 76.2935 -4.30495 257.156 -0.0052122 -0.0127367 -0.000536111 0.999905
0000000038.000000 76.2385 -4.30466 259.265 -0.00508343 -0.0130571 -0.000642271 0.999902
0000000039.000000 76.1296 -4.29187 262.46 -0.00495607 -0.0133724 -0.00074843 0.999898
0000000040.000000 76.0599 -4.29305 264.594 -0.00482964 -0.0136842 -0.00085457 0.999894
0000000041.000000 75.9675 -4.31002 267.77 0.000501181 -0.0145509 0.000880612 0.999894
0000000042.000000 75.9036 -4.34327 269.881 0.000624733 -0.0148549 0.000776111 0.999889
0000000043.000000 75.7941 -4.38526 273.016 0.000746965 -0.0151539 0.000671672 0.999885
0000000044.000000 75.6936 -4.42307 276.139 0.000867876 -0.0154477 0.000567293 0.99988
0000000045.000000 75.6126 -4.45334 278.223 0.00098791 -0.0157383 0.000462956 0.999876
0000000046.000000 75.5426 -4.47706 280.312 0.00110706 -0.0160254 0.000358655 0.999871
0000000047.000000 75.4272 -4.52568 283.406 0.00122491 -0.0163075 0.000254424 0.999866
0000000048.000000 75.3034 -4.57144 286.486 0.00134146 -0.0165847 0.000150254 0.999862
0000000049.000000 75.2038 -4.60848 289.542 0.00145672 -0.0168569 4.61412e-05 0.999857
0000000050.000000 75.0905 -4.66989 292.561 0.00479436 -0.0204476 0.00162605 0.999778
0000000051.000000 74.9271 -4.71661 295.636 -0.00428911 -0.0245279 -0.000674146 0.99969
0000000052.000000 74.7568 -4.74782 298.644 0.00212797 -0.0290844 0.00281245 0.999571
0000000053.000000 74.5627 -4.80292 301.611 0.00389378 -0.0353045 0.0062013 0.99935
0000000054.000000 74.3976 -4.85117 303.581 0.00857228 -0.0405882 0.00613025 0.99912
0000000055.000000 74.2063 -4.90477 305.566 0.00434621 -0.0455259 0.00350145 0.998948
0000000056.000000 73.9154 -4.95382 308.488 0.00285739 -0.0529468 -0.000385652 0.998593
0000000057.000000 73.521 -5.00927 311.404 0.00245806 -0.055183 -0.0161588 0.998342
0000000058.000000 73.1836 -5.05816 314.331 0.00766369 -0.0527115 -0.0198306 0.998383
0000000059.000000 72.8823 -5.1112 317.309 0.0023143 -0.0452518 -0.0206956 0.998759
0000000060.000000 72.697 -5.13619 319.296 -0.000998291 -0.0390529 -0.025912 0.998901
0000000061.000000 72.4653 -5.18064 322.257 0.00827673 -0.0305046 -0.0303876 0.999038
0000000062.000000 72.3543 -5.22491 324.271 0.00462003 -0.0260808 -0.0250739 0.999335
0000000063.000000 72.2186 -5.28204 327.291 0.00654254 -0.0213975 -0.0215779 0.999517
0000000064.000000 72.1323 -5.33039 329.303 0.00664523 -0.021605 -0.021681 0.999509
0000000065.000000 71.9979 -5.40319 332.351 0.00188096 -0.0193972 -0.0220634 0.999567
0000000066.000000 71.862 -5.45728 335.357 0.00790889 -0.0189389 -0.0242821 0.999494
0000000067.000000 71.7444 -5.53433 338.355 0.00391341 -0.0185911 -0.0201763 0.999616
0000000068.000000 71.6393 -5.59217 341.312 0.00401075 -0.0187792 -0.0202793 0.99961
0000000069.000000 71.5309 -5.6603 344.176 0.00410682 -0.0189627 -0.0203823 0.999604
0000000070.000000 71.431 -5.72236 346.92 0.00545839 -0.0165054 -0.0163751 0.999715
0000000071.000000 71.3158 -5.81003 350.411 0.00690463 -0.0069925 -0.0248853 0.999642
0000000072.000000 71.3003 -5.87563 352.878 0.00353086 0.00112934 -0.022715 0.999735
0000000073.000000 71.3169 -5.91679 354.432 -0.00122048 0.00552906 -0.018841 0.999806
0000000074.000000 71.3288 -5.94795 355.883 0.00352007 0.00677781 -0.0191225 0.999788
0000000075.000000 71.365 -5.9837 357.252 0.00691872 0.00673933 -0.0147106 0.999845
0000000076.000000 71.3718 -6.02788 358.606 0.0121989 0.00595948 -0.0152943 0.999791
0000000077.000000 71.381 -6.08918 360.651 0.00693635 0.00104746 -0.0105632 0.99992
0000000078.000000 71.3024 -6.16043 363.286 0.00729919 -0.0186193 -0.00854204 0.999764
0000000079.000000 71.0322 -6.22176 365.941 0.00625315 -0.0480909 -0.0136212 0.998731
0000000080.000000 70.6259 -6.27549 368.736 0.0104778 -0.0686372 -0.0234952 0.99731
0000000081.000000 70.162 -6.3353 371.761 0.00622892 -0.0675383 -0.0306944 0.997225
0000000082.000000 69.7841 -6.38464 375.012 0.012081 -0.0518143 -0.0283896 0.99818
0000000083.000000 69.5002 -6.46358 378.535 0.0102247 -0.0286824 -0.0302059 0.99908
0000000084.000000 69.3882 -6.58528 382.25 0.0144365 -0.0130461 -0.0249146 0.9995
0000000085.000000 69.3388 -6.67405 385.211 0.0103116 -0.0060882 -0.0215541 0.999696
0000000086.000000 69.3139 -6.72244 387.24 0.0103901 -0.00620315 -0.0216541 0.999692
0000000087.000000 69.2739 -6.77714 389.326 0.0104677 -0.00631468 -0.021754 0.999689
0000000088.000000 69.19 -6.86353 392.519 0.00895333 -0.0116109 -0.0200738 0.999691
0000000089.000000 69.0878 -6.96165 395.711 0.014507 -0.0179504 -0.0151792 0.999618
0000000090.000000 68.9899 -7.03869 397.847 0.0103083 -0.0209268 -0.0164995 0.999592
0000000091.000000 68.873 -7.09957 399.98 0.00689497 -0.0226201 -0.0193171 0.999534
0000000092.000000 68.6912 -7.18413 403.162 0.00696462 -0.022709 -0.0194181 0.999529
0000000093.000000 68.5228 -7.27542 406.294 0.0113183 -0.0236717 -0.0213388 0.999428
0000000094.000000 68.4169 -7.33648 408.39 0.00576094 -0.0231563 -0.0206514 0.999502
0000000095.000000 68.2663 -7.39292 411.504 0.00582699 -0.0232317 -0.0207524 0.999498
0000000096.000000 68.1298 -7.48233 414.531 0.011949 -0.0225587 -0.0245471 0.999373
0000000097.000000 67.9472 -7.6254 418.568 0.00593065 -0.0213534 -0.0185412 0.999582
0000000098.000000 67.8154 -7.71663 421.441 0.0105587 -0.021627 -0.0224322 0.999459
0000000099.000000 67.6571 -7.8114 424.196 0.00906174 -0.0278807 -0.023239 0.9993
0000000100.000000 67.4585 -7.88907 426.823 0.00457062 -0.0375689 -0.0217278 0.999047
0000000101.000000 67.116 -7.96408 430.081 0.00670054 -0.0509725 -0.0240347 0.998388
0000000102.000000 66.7109 -8.05943 433.073 0.00868434 -0.0682774 -0.0259972 0.99729
0000000103.000000 66.2408 -8.13592 435.752 0.00419003 -0.0830065 -0.03565 0.995902
0000000104.000000 65.8371 -8.18248 438.091 0.00346421 -0.0653333 -0.0476327 0.99672
0000000105.000000 65.8244 -8.27104 440.659 0.00722677 0.0280452 -0.051054 0.998276
0000000106.000000 66.574 -8.39969 442.818 0.0172524 0.187563 -0.0385371 0.981345
0000000107.000000 67.6205 -8.53821 444.176 0.0196769 0.327867 -0.027015 0.944133
0000000108.000000 69.0155 -8.6548 445.12 0.0226726 0.45348 -0.0125124 0.89089
0000000109.000000 70.1609 -8.72501 445.603 0.0197663 0.538947 -0.00989485 0.842049
0000000110.000000 71.4047 -8.80286 445.821 0.0278451 0.610743 -0.00446081 0.791327
0000000111.000000 73.2899 -8.90417 446.006 0.0306048 0.672915 -0.0105301 0.739012
0000000112.000000 75.4381 -9.03611 446.035 0.0362111 0.697116 -0.00426427 0.716031
0000000113.000000 77.8527 -9.18238 446.123 0.0338511 0.694653 -0.0027751 0.718543
0000000114.000000 79.8338 -9.28793 446.208 0.0339534 0.694644 -0.00280331 0.718546
0000000115.000000 82.6658 -9.46811 446.331 0.0389356 0.6906 -0.00895519 0.722132
0000000116.000000 85.7781 -9.6692 446.511 0.0316372 0.688119 -0.00698972 0.724874
0000000117.000000 88.2476 -9.81805 446.654 0.0317364 0.688117 -0.00701573 0.724871
0000000118.000000 91.6913 -10.0511 446.847 0.0385099 0.687878 -0.0153767 0.724641
0000000119.000000 93.4944 -10.1948 446.952 0.0386072 0.68788 -0.0154007 0.724633
0000000120.000000 95.3383 -10.3414 447.043 0.0327769 0.69007 -0.0115186 0.722908
0000000121.000000 97.2017 -10.4761 447.125 0.0328731 0.690075 -0.0115409 0.722899
0000000122.000000 99.0894 -10.614 447.204 0.0329685 0.690081 -0.0115623 0.722888
0000000123.000000 101.001 -10.7536 447.308 0.0330633 0.690089 -0.0115831 0.722876
0000000124.000000 103.855 -10.9664 447.459 0.0331572 0.690099 -0.0116027 0.722862
0000000125.000000 106.749 -11.1986 447.624 0.0332499 0.690111 -0.0116212 0.722846
0000000126.000000 108.702 -11.3405 447.722 0.0333421 0.690125 -0.0116389 0.722828
0000000127.000000 111.633 -11.5477 447.847 0.0299786 0.690817 -0.00654368 0.722378
0000000128.000000 113.567 -11.6719 447.935 0.0300692 0.690834 -0.00655939 0.722358
0000000129.000000 115.492 -11.7953 448.013 0.0301591 0.690853 -0.00657437 0.722336
0000000130.000000 118.384 -11.9791 448.131 0.0302481 0.690873 -0.00658826 0.722313
0000000131.000000 121.227 -12.1897 448.286 0.033521 0.690127 -0.0169335 0.722713
0000000132.000000 124.065 -12.4098 448.429 0.028073 0.690012 -0.0120583 0.723152
0000000133.000000 126.852 -12.6012 448.552 0.0301643 0.689196 -0.00683946 0.723915
0000000134.000000 129.571 -12.798 448.698 0.0338064 0.68812 -0.0138439 0.724677
0000000135.000000 132.299 -13.0161 448.869 0.031305 0.686611 -0.0175513 0.726139
0000000136.000000 135.028 -13.2192 449.06 0.0258517 0.680106 -0.0120463 0.732559
0000000137.000000 137.709 -13.3992 449.327 0.0257121 0.669267 -0.010769 0.742499
0000000138.000000 139.454 -13.5214 449.559 0.0274985 0.661343 -0.015236 0.749424
0000000139.000000 141.195 -13.6404 449.821 0.0231326 0.653893 -0.0154687 0.756075
0000000140.000000 142.915 -13.7594 450.103 0.0215408 0.647012 -0.0156597 0.762015
0000000141.000000 145.472 -13.9389 450.583 0.0246698 0.638047 -0.0186074 0.769377
0000000142.000000 148.032 -14.115 451.141 0.0197646 0.628781 -0.014103 0.777203
0000000143.000000 150.529 -14.2781 451.726 0.0243791 0.617013 -0.0158828 0.786415
0000000144.000000 152.189 -14.3913 452.165 0.0217945 0.60763 -0.00946166 0.793865
0000000145.000000 154.596 -14.5603 452.874 0.033772 0.594003 -0.00981567 0.803694
0000000146.000000 156.184 -14.6916 453.405 0.0326528 0.586935 -0.0124261 0.80888
0000000147.000000 158.554 -14.877 454.234 0.0252332 0.578249 -0.00643295 0.815444
0000000148.000000 160.88 -15.0425 455.091 0.0299004 0.568633 -0.0111902 0.821972
0000000149.000000 163.18 -15.2231 456.025 0.0258298 0.559384 -0.0106867 0.828437
0000000150.000000 166.186 -15.4709 457.319 0.0330032 0.546174 -0.015113 0.836885
0000000151.000000 169.11 -15.7383 458.731 0.0293428 0.530363 -0.0182933 0.847065
0000000152.000000 171.926 -15.9912 460.214 0.0281652 0.514451 -0.0214953 0.856788
0000000153.000000 173.956 -16.1884 461.37 0.0301069 0.502472 -0.0233701 0.863753
0000000154.000000 176.57 -16.4285 462.96 0.0209769 0.486676 -0.0153699 0.873195
0000000155.000000 178.364 -16.5776 464.151 0.0244363 0.475159 -0.0197328 0.879339
0000000156.000000 180.022 -16.7352 465.286 0.0216166 0.46694 -0.0214707 0.883764
0000000157.000000 181.997 -16.9245 466.651 0.0232785 0.466239 -0.0260568 0.883969
0000000158.000000 184.133 -17.1168 468.03 0.0159176 0.489484 -0.0219662 0.87159
0000000159.000000 186.651 -17.3306 469.22 0.0269783 0.55015 -0.0218633 0.834343
0000000160.000000 189.171 -17.5389 469.692 0.0294619 0.65657 -0.0148686 0.753543
0000000161.000000 191.448 -17.7038 469.425 0.0316131 0.761127 -0.0137162 0.647687
0000000162.000000 193.055 -17.8124 468.81 0.0240476 0.829044 -0.00871658 0.558598
0000000163.000000 194.278 -17.8777 468.021 0.0209651 0.87622 -0.00852678 0.48138
0000000164.000000 195.543 -17.9137 466.9 0.0224994 0.911229 -0.00558344 0.411248
0000000165.000000 196.859 -17.9558 465.493 0.0237722 0.929856 -0.00282422 0.367143
0000000166.000000 198.246 -18.0043 463.855 0.0252056 0.939414 -0.00222082 0.34185
0000000167.000000 199.231 -18.0367 462.634 0.0254878 0.943637 -0.00178665 0.329994
0000000168.000000 201.298 -18.1017 459.961 0.027259 0.947014 0.00151137 0.32003
0000000169.000000 202.985 -18.1464 457.748 0.027302 0.947053 0.0015539 0.319909
0000000170.000000 204.774 -18.1897 455.398 0.0267407 0.948181 0.005786 0.316552
0000000171.000000 206.593 -18.23 452.981 0.0267832 0.948218 0.00583134 0.316435
0000000172.000000 208.439 -18.279 450.578 0.0268252 0.948255 0.005878 0.316321
0000000173.000000 210.279 -18.3276 448.157 0.0268668 0.948291 0.00592599 0.316209
0000000174.000000 212.112 -18.3781 445.76 0.0269079 0.948326 0.00597529 0.316098
0000000175.000000 213.938 -18.4405 443.36 0.0269486 0.948361 0.00602593 0.31599
0000000176.000000 215.158 -18.4704 441.758 0.026989 0.948395 0.00607744 0.315883
0000000177.000000 216.968 -18.5312 439.374 0.0270289 0.948428 0.00613027 0.315778
0000000178.000000 218.768 -18.584 436.987 0.0270683 0.948461 0.00618441 0.315676
0000000179.000000 219.961 -18.6224 435.411 0.0271075 0.948493 0.00623943 0.315574
0000000180.000000 221.143 -18.6599 433.842 0.0271463 0.948525 0.00629531 0.315475
0000000181.000000 222.328 -18.6893 432.274 0.0271849 0.948556 0.00635204 0.315376
0000000182.000000 223.497 -18.7241 430.724 0.0272232 0.948587 0.00640963 0.315279
0000000183.000000 224.682 -18.7627 429.183 0.0272611 0.948617 0.00646807 0.315183
0000000184.000000 226.48 -18.8068 426.828 0.0272987 0.948647 0.0065278 0.315089
0000000185.000000 228.305 -18.8526 424.408 0.0309043 0.947869 0.00497222 0.317119
0000000186.000000 230.205 -18.9146 421.915 0.0264216 0.948237 0.00255655 0.316452
0000000187.000000 232.133 -18.9753 419.374 0.0264574 0.948265 0.00262041 0.316365
0000000188.000000 234.058 -19.0427 416.812 0.0264928 0.948292 0.0026857 0.31628
0000000189.000000 235.976 -19.1282 414.285 0.0265276 0.948319 0.00275241 0.316197
0000000190.000000 237.88 -19.2143 411.789 0.026562 0.948345 0.00282054 0.316116
0000000191.000000 239.778 -19.3027 409.322 0.0265958 0.94837 0.00289007 0.316037
0000000192.000000 241.022 -19.3513 407.698 0.0266293 0.948394 0.00296051 0.31596
0000000193.000000 242.252 -19.4045 406.086 0.0266625 0.948418 0.00303187 0.315884
0000000194.000000 243.433 -19.4545 404.512 0.0266954 0.948442 0.00310411 0.315809
0000000195.000000 244.58 -19.5073 402.989 0.0267279 0.948465 0.00317722 0.315736
0000000196.000000 246.166 -19.5881 400.831 0.0271875 0.950275 0.00326947 0.310206
0000000197.000000 248.015 -19.6871 398.185 0.0291635 0.955713 0.00373141 0.292829
0000000198.000000 249.128 -19.7537 396.381 0.0292518 0.963912 0.00230601 0.264601
0000000199.000000 250.148 -19.8179 394.112 0.0305434 0.980954 0.00273361 0.191804
0000000200.000000 250.556 -19.8367 392.368 0.0314295 0.993808 0.00910005 0.106185
0000000201.000000 250.588 -19.8226 390.62 0.0319831 0.999369 0.0154547 -0.000217688
0000000202.000000 250.24 -19.7725 388.994 0.0325542 0.993054 0.0188841 -0.111479
0000000203.000000 249.539 -19.6948 387.499 0.0347154 0.974755 0.0231454 -0.219344
0000000204.000000 248.512 -19.5851 386.163 0.035703 0.94883 0.0301953 -0.312306
0000000205.000000 247.272 -19.4512 384.938 0.033026 0.92106 0.0349973 -0.386435
0000000206.000000 245.335 -19.2494 383.446 0.0274202 0.888236 0.04314 -0.456534
0000000207.000000 243.662 -19.0685 382.463 -0.0207227 -0.861501 -0.046272 0.505218
0000000208.000000 241.093 -18.8132 381.366 -0.019298 -0.827773 -0.0445653 0.558958
0000000209.000000 239.681 -18.6798 380.903 -0.0198384 -0.811587 -0.0420838 0.582377
0000000210.000000 237.398 -18.4723 380.315 -0.0272268 -0.789697 -0.0371197 0.611767
0000000211.000000 235.761 -18.3279 379.969 -0.030799 -0.777194 -0.0375354 0.627385
0000000212.000000 233.186 -18.098 379.517 -0.0258632 -0.760771 -0.0366443 0.647469
0000000213.000000 231.36 -17.9376 379.274 -0.0264415 -0.749367 -0.0380365 0.660533
0000000214.000000 229.469 -17.781 379.078 -0.0276137 -0.740625 -0.0337671 0.670502
0000000215.000000 227.525 -17.626 378.927 -0.0254544 -0.734533 -0.0277984 0.677526
0000000216.000000 225.502 -17.4848 378.786 -0.025418 -0.730536 -0.0283467 0.681812
0000000217.000000 222.35 -17.2542 378.591 -0.0266008 -0.726598 -0.0294664 0.685915
0000000218.000000 220.215 -17.0969 378.473 -0.026555 -0.726587 -0.0295457 0.685925
0000000219.000000 216.971 -16.8761 378.292 -0.024009 -0.723418 -0.0311058 0.689292
0000000220.000000 214.786 -16.727 378.18 -0.023965 -0.72341 -0.0311869 0.689297
0000000221.000000 211.452 -16.4928 378.025 -0.0217555 -0.720214 -0.0344129 0.692556
0000000222.000000 208.097 -16.2469 377.88 -0.0215513 -0.7176 -0.0370568 0.695135
0000000223.000000 204.719 -16.0057 377.784 -0.0193408 -0.714729 -0.0378393 0.698109
0000000224.000000 202.468 -15.8506 377.727 -0.0193004 -0.71473 -0.0379243 0.698104
0000000225.000000 200.225 -15.6974 377.683 -0.0192608 -0.714733 -0.03801 0.698098
0000000226.000000 197.996 -15.5453 377.622 -0.019222 -0.714737 -0.0380965 0.69809
0000000227.000000 195.769 -15.3939 377.561 -0.0191841 -0.714743 -0.0381838 0.698081
0000000228.000000 192.465 -15.1585 377.493 -0.0191474 -0.71475 -0.0382723 0.698069
0000000229.000000 190.28 -15.012 377.428 -0.0191115 -0.71476 -0.0383615 0.698055
0000000230.000000 188.105 -14.8658 377.363 -0.0190765 -0.714771 -0.0384515 0.69804
0000000231.000000 185.939 -14.7176 377.304 -0.0190422 -0.714783 -0.0385422 0.698023
0000000232.000000 182.732 -14.4875 377.229 -0.0190092 -0.714798 -0.0386341 0.698004
0000000233.000000 179.579 -14.2756 377.131 -0.0189773 -0.714815 -0.0387271 0.697983
0000000234.000000 177.497 -14.1386 377.086 -0.0189461 -0.714833 -0.0388208 0.69796
0000000235.000000 175.427 -14.0016 377.037 -0.0189158 -0.714853 -0.0389152 0.697935
0000000236.000000 173.379 -13.8697 376.979 -0.0188861 -0.714874 -0.0390103 0.697909
0000000237.000000 171.376 -13.7366 376.931 -0.0188573 -0.714896 -0.0391062 0.697881
0000000238.000000 169.426 -13.6041 376.908 -0.0188291 -0.71492 -0.0392027 0.697852
0000000239.000000 166.561 -13.4125 376.852 -0.0204055 -0.711486 -0.0396617 0.701283
0000000240.000000 163.877 -13.2246 376.826 -0.0209867 -0.707729 -0.0385726 0.705118
0000000241.000000 161.35 -13.0522 376.823 -0.0229151 -0.708821 -0.0340604 0.704192
0000000242.000000 159.008 -12.9004 376.776 -0.0280827 -0.715 -0.0334649 0.697758
0000000243.000000 156.157 -12.7088 376.582 -0.030864 -0.732925 -0.0317921 0.678864
0000000244.000000 153.748 -12.54 376.209 -0.0389093 -0.769134 -0.0304186 0.637176
0000000245.000000 150.62 -12.2694 374.624 0.0477296 0.886441 0.0263862 -0.459617
0000000246.000000 149.192 -12.1045 372.721 0.0491741 0.955504 0.0278927 -0.289511
0000000247.000000 148.716 -12.0208 371.328 0.0453902 0.979798 0.032474 -0.192047
0000000248.000000 148.405 -11.9392 369.821 0.0430239 0.992163 0.0263769 -0.114306
0000000249.000000 148.207 -11.8356 367.634 0.0344987 0.997677 0.0248913 -0.0532038
0000000250.000000 148.12 -11.757 365.854 0.0363594 0.99868 0.0247358 -0.0265321
0000000251.000000 148.088 -11.6554 363.308 0.0382113 0.999004 0.0213844 -0.00861756
0000000252.000000 148.069 -11.5813 361.212 0.0397845 0.999016 0.0191965 -0.00390021
0000000253.000000 148.081 -11.5 358.95 0.0453875 0.998799 0.0179009 0.00442049
0000000254.000000 148.144 -11.4261 356.521 0.0457139 0.998733 0.0164069 0.0131759
0000000255.000000 148.277 -11.3329 353.047 0.0495456 0.998433 0.01754 0.0192244
0000000256.000000 148.409 -11.2436 350.237 0.0500093 0.998267 0.02001 0.0237066
0000000257.000000 148.596 -11.1357 347.284 0.0408923 0.998547 0.0236907 0.0259018
0000000258.000000 148.713 -11.0678 345.277 0.0421084 0.998612 0.0189157 0.0253475
0000000259.000000 148.813 -11.0073 343.23 0.0421695 0.998605 0.0190179 0.0254599
0000000260.000000 148.994 -10.9235 340.094 0.0422307 0.998597 0.0191215 0.0255771
0000000261.000000 149.121 -10.8726 337.979 0.0422918 0.99859 0.019226 0.0256977
0000000262.000000 149.22 -10.809 335.836 0.042353 0.998582 0.0193316 0.0258217
0000000263.000000 149.352 -10.7486 333.715 0.0424142 0.998574 0.0194381 0.025949
0000000264.000000 149.481 -10.6969 331.592 0.0424754 0.998566 0.0195456 0.0260796
0000000265.000000 149.643 -10.6152 328.4 0.0470186 0.998346 0.0209212 0.0256328
0000000266.000000 149.76 -10.5537 326.272 0.0470795 0.998337 0.0210319 0.0257713
0000000267.000000 149.888 -10.503 324.174 0.0441612 0.998572 0.0169804 0.0248057
0000000268.000000 150.068 -10.4328 320.996 0.0411321 0.998645 0.0216716 0.0233739
0000000269.000000 150.18 -10.3703 318.875 0.0411927 0.998637 0.021785 0.0235248
0000000270.000000 150.289 -10.3004 316.73 0.0412533 0.998628 0.0218993 0.0236791
0000000271.000000 150.397 -10.2262 314.544 0.041314 0.998619 0.0220146 0.0238369
0000000272.000000 150.54 -10.1123 311.233 0.04609 0.99841 0.0223038 0.0235891
0000000273.000000 150.711 -10.0021 307.88 0.0493895 0.998324 0.0180609 0.0241523
0000000274.000000 150.9 -9.91536 304.485 0.049451 0.998315 0.0181822 0.0243247
0000000275.000000 151.023 -9.84891 302.18 0.0495126 0.998305 0.0183046 0.0245007
0000000276.000000 151.15 -9.79465 299.864 0.0495741 0.998295 0.018428 0.0246804
0000000277.000000 151.262 -9.74113 297.528 0.0496356 0.998285 0.0185526 0.0248638
0000000278.000000 151.447 -9.6507 294.006 0.0496972 0.998275 0.0186789 0.0250527
0000000279.000000 151.581 -9.6008 291.656 0.0497587 0.998265 0.0188063 0.0252453
0000000280.000000 151.721 -9.54185 289.291 0.0498203 0.998255 0.0189348 0.0254416
0000000281.000000 151.866 -9.49764 286.969 0.0477947 0.99842 0.0135349 0.0262725
0000000282.000000 152.015 -9.48241 284.659 0.0462474 0.998513 0.00913784 0.0273712
0000000283.000000 152.147 -9.46229 282.337 0.0470686 0.998354 0.0152791 0.0289971
0000000284.000000 152.298 -9.41317 280.028 0.0471312 0.998343 0.0154113 0.029208
0000000285.000000 152.493 -9.34354 276.566 0.0471938 0.998331 0.0155452 0.0294244
0000000286.000000 152.642 -9.31862 274.279 0.0468324 0.998459 0.00814702 0.0286427
0000000287.000000 152.792 -9.31863 271.986 0.0468965 0.998448 0.00828311 0.0288659
0000000288.000000 152.956 -9.30521 269.701 0.0420029 0.998567 0.0175635 0.0281247
0000000289.000000 153.087 -9.25328 267.425 0.0420648 0.998556 0.0177007 0.0283562
0000000290.000000 153.18 -9.23323 265.2 0.049985 0.998341 0.00525799 0.0280888
0000000291.000000 153.298 -9.23406 262.953 0.0500498 0.99833 0.00539926 0.0283256
0000000292.000000 153.43 -9.22046 260.7 0.0490636 0.998239 0.0161682 0.0291682
0000000293.000000 153.509 -9.19983 259.594 0.0491258 0.998226 0.0163108 0.029411
0000000294.000000 153.653 -9.1693 257.39 0.0491879 0.998214 0.0164545 0.0296573
0000000295.000000 153.794 -9.15401 255.221 0.047644 0.99839 0.00887422 0.0294603
0000000296.000000 153.924 -9.15225 253.068 0.048005 0.998457 0.00287972 0.0277542
0000000297.000000 154.088 -9.16445 249.854 0.0483427 0.998434 0.0102502 0.0262208
0000000298.000000 154.226 -9.15165 247.738 0.0440309 0.998533 0.0169006 0.0265821
0000000299.000000 154.355 -9.13418 245.686 0.0397974 0.998755 0.0116736 0.0277168
0000000300.000000 154.469 -9.13354 243.707 0.0429261 0.998624 0.00433004 0.0298104
0000000301.000000 154.584 -9.1481 241.786 0.0469496 0.998361 0.00712214 0.0319422
0000000302.000000 154.703 -9.16414 239.935 0.0470141 0.998348 0.0072738 0.0322157
0000000303.000000 154.82 -9.1719 238.167 0.0478259 0.99829 0.0018732 0.0335574
0000000304.000000 155.012 -9.21131 235.625 0.047892 0.998277 0.00202719 0.0338371
0000000305.000000 155.151 -9.23632 234.01 0.0415794 0.998485 0.00561369 0.0355859
0000000306.000000 155.335 -9.24895 231.746 0.0407301 0.998336 0.00999594 0.0395771
0000000307.000000 155.45 -9.25783 230.357 0.0417968 0.998207 0.00624188 0.0423988
0000000308.000000 155.639 -9.26931 228.481 0.0362362 0.998277 0.0121077 0.0445328
0000000309.000000 155.834 -9.27574 226.237 0.0315641 0.998799 0.0117131 0.0356041
0000000310.000000 155.835 -9.24617 223.797 0.0334328 0.999285 0.0121308 -0.0128335
0000000311.000000 155.115 -9.18165 220.871 0.0466508 0.987252 0.0124461 -0.151664
0000000312.000000 153.774 -9.04884 218.727 0.0515581 0.953295 0.022282 -0.296773
0000000313.000000 152.798 -8.95052 217.753 0.0468287 0.924328 0.026744 -0.377768
0000000314.000000 151.611 -8.82845 216.9 0.0409883 0.889274 0.0241273 -0.454895
0000000315.000000 150.227 -8.70612 216.212 -0.0375555 -0.850572 -0.0288089 0.523725
0000000316.000000 148.653 -8.55674 215.699 -0.0385182 -0.81147 -0.0319968 0.582245
0000000317.000000 146.946 -8.40211 215.321 -0.0332263 -0.779193 -0.0293112 0.625216
0000000318.000000 145.061 -8.24092 215.062 -0.0377172 -0.756 -0.0250621 0.653003
0000000319.000000 143.715 -8.12121 214.911 -0.0372856 -0.745156 -0.0255203 0.665358
0000000320.000000 142.28 -7.98569 214.797 -0.0408081 -0.73815 -0.025094 0.672933
0000000321.000000 140.77 -7.84985 214.673 -0.0403145 -0.732981 -0.0266154 0.678532
0000000322.000000 138.333 -7.63542 214.542 -0.037629 -0.725756 -0.0177826 0.686693
0000000323.000000 136.587 -7.50575 214.467 -0.0382688 -0.723646 -0.0125344 0.688996
0000000324.000000 134.761 -7.36424 214.371 -0.0401414 -0.723423 -0.0173073 0.68902
0000000325.000000 132.852 -7.20376 214.263 -0.0439902 -0.724587 -0.0243812 0.687346
0000000326.000000 130.915 -7.03816 214.153 -0.0411604 -0.725873 -0.0194389 0.68632
0000000327.000000 128.968 -6.89029 214.051 -0.0405048 -0.726111 -0.0187936 0.686126
0000000328.000000 126.998 -6.73709 213.927 -0.0401456 -0.72634 -0.0184526 0.685914
0000000329.000000 125.015 -6.58567 213.805 -0.0455263 -0.728484 -0.0216206 0.683207
0000000330.000000 124.029 -6.50644 213.732 -0.0456045 -0.728688 -0.0217332 0.68298
0000000331.000000 122.06 -6.35534 213.582 -0.0417407 -0.731219 -0.0177813 0.680632
0000000332.000000 120.078 -6.21616 213.421 -0.0424318 -0.731301 -0.0185342 0.680481
0000000333.000000 119.095 -6.14133 213.341 -0.0432743 -0.73135 -0.0194465 0.68035
0000000334.000000 118.105 -6.06891 213.262 -0.0430905 -0.731484 -0.0193836 0.68022
0000000335.000000 117.122 -6.00484 213.19 -0.0429121 -0.731631 -0.0193259 0.680075
0000000336.000000 116.14 -5.92708 213.113 -0.0427394 -0.731791 -0.0192734 0.679915
0000000337.000000 114.112 -5.78221 212.929 -0.0391267 -0.735041 -0.0160323 0.676703
0000000338.000000 112.102 -5.63792 212.735 -0.0350278 -0.727042 -0.0148415 0.685538
0000000339.000000 111.2 -5.59787 212.745 -0.0352116 -0.721386 -0.011629 0.69154
0000000340.000000 110.317 -5.56897 212.765 -0.0383765 -0.725546 -0.0112696 0.687011
0000000341.000000 108.41 -5.46316 212.622 -0.0385011 -0.723228 -0.0117512 0.689435
0000000342.000000 106.464 -5.34009 212.53 -0.0364223 -0.722354 -0.0125403 0.69045
0000000343.000000 104.543 -5.22606 212.478 -0.0440757 -0.723754 -0.0123962 0.688538
0000000344.000000 102.685 -5.0714 212.34 -0.0395251 -0.721173 -0.00858578 0.691573
0000000345.000000 100.875 -5.01789 212.299 -0.0425559 -0.724509 -0.0124239 0.687838
0000000346.000000 99.006 -4.90539 212.095 -0.0443794 -0.717914 -0.0141172 0.694572
0000000347.000000 97.2753 -4.73386 212.134 -0.0408898 -0.721567 -0.0115737 0.691039
0000000348.000000 95.5555 -4.65995 212 -0.0424076 -0.718334 -0.0117425 0.694305
0000000349.000000 93.9809 -4.56872 211.965 -0.0425813 -0.717266 -0.0111724 0.695407
0000000350.000000 91.8619 -4.44908 211.914 -0.0430812 -0.713918 -0.0117017 0.698805
0000000351.000000 89.3588 -4.31487 212.004 -0.0482602 -0.727551 -0.0158176 0.684171
0000000352.000000 85.4438 -3.992 211.883 -0.02715 -0.664439 -0.00562747 0.746828
0000000353.000000 81.6278 -3.87508 213.181 -0.00744588 -0.525525 -0.0129085 0.850648
0000000354.000000 79.109 -3.84806 215.392 -0.0156022 -0.374101 -0.020928 0.927021
0000000355.000000 77.8388 -3.77383 217.503 0.000788163 -0.250074 -0.0122392 0.968149
0000000356.000000 76.9342 -3.82903 220.384 -0.00350875 -0.124455 -0.00867636 0.992181
0000000357.000000 76.668 -3.85955 222.382 0.00176762 -0.0622103 -0.00782855 0.998031
0000000358.000000 76.6 -3.86957 223.931 0.004154 -0.0248289 -0.00540079 0.999668
0000000359.000000 76.5786 -3.87848 225.497 -0.00296718 -0.00410649 -0.00152631 0.999986
0000000360.000000 76.5879 -3.8897 227.61 -0.000871191 0.0037356 0.00570086 0.999976
0000000361.000000 76.3795 -3.9188 231.068 -0.00404574 -0.0647671 0.0139493 0.997795
0000000362.000000 75.6401 -3.94665 233.47 -0.00149761 -0.164446 0.00349663 0.986379
0000000363.000000 73.9812 -3.93638 235.798 -0.00280508 -0.335397 -0.0277429 0.941664
0000000364.000000 72.4171 -3.85967 236.944 -0.0128081 -0.452435 -0.037841 0.890902
0000000365.000000 70.6409 -3.74261 237.692 -0.0155106 -0.565458 -0.0241642 0.824277
0000000366.000000 69.1726 -3.68003 237.966 -0.016404 -0.629737 -0.027897 0.776134
0000000367.000000 67.6143 -3.60067 238.069 -0.0144232 -0.673174 -0.0254205 0.738906
0000000368.000000 65.4028 -3.48994 238.079 -0.00798282 -0.699133 -0.0269371 0.714439
0000000369.000000 62.9095 -3.37516 238.065 -0.00689454 -0.705799 -0.0268361 0.70787
0000000370.000000 60.8444 -3.28948 238.081 -0.00701385 -0.705779 -0.0266589 0.707895
0000000371.000000 58.5636 -3.17932 238.091 -0.00707016 -0.705926 -0.0264113 0.707757
0000000372.000000 55.2619 -3.0325 238.1 -0.00758636 -0.70702 -0.0274101 0.706621
0000000373.000000 52.5968 -2.91058 238.078 -0.00801101 -0.707247 -0.0283519 0.706353
0000000374.000000 49.7851 -2.78676 238.042 -0.00647015 -0.710216 -0.0275704 0.703414
0000000375.000000 46.8178 -2.64578 237.998 -0.00997668 -0.710876 -0.0288005 0.702656
0000000376.000000 43.7495 -2.46981 237.955 -0.0105046 -0.709309 -0.0289937 0.704222
0000000377.000000 40.5567 -2.32209 237.917 -0.0110601 -0.70961 -0.0291459 0.703904
0000000378.000000 38.4178 -2.2237 237.885 -0.0116301 -0.711118 -0.0292695 0.702367
0000000379.000000 36.2971 -2.12625 237.848 -0.0122088 -0.713825 -0.0293589 0.699602
0000000380.000000 34.1036 -2.02644 237.803 -0.0125612 -0.715384 -0.0289558 0.698018
0000000381.000000 32.9973 -1.97076 237.783 -0.0130646 -0.716723 -0.0287148 0.696644
0000000382.000000 31.8956 -1.9164 237.755 -0.0137179 -0.717863 -0.0286347 0.69546
0000000383.000000 30.7952 -1.86471 237.723 -0.0145131 -0.718818 -0.0287064 0.694454
0000000384.000000 28.636 -1.75765 237.631 -0.0156079 -0.719516 -0.0291018 0.69369
0000000385.000000 25.4229 -1.59452 237.451 -0.0136362 -0.72263 -0.0321509 0.690352
0000000386.000000 23.3547 -1.48992 237.33 -0.0136648 -0.724389 -0.0324101 0.688494
0000000387.000000 21.3216 -1.38473 237.197 -0.0137392 -0.72586 -0.0373252 0.686692
0000000388.000000 19.3359 -1.26727 237.049 -0.0110577 -0.726352 -0.0413748 0.685987
0000000389.000000 17.4197 -1.15121 236.913 -0.00695536 -0.726115 -0.0444248 0.686101
0000000390.000000 15.5651 -1.04489 236.783 -0.00680283 -0.724595 -0.044645 0.687694
0000000391.000000 12.9254 -0.889563 236.646 -0.00658806 -0.722032 -0.0448477 0.690373
0000000392.000000 11.2661 -0.808274 236.555 -0.00631841 -0.721847 -0.0450538 0.690555
0000000393.000000 9.71737 -0.727465 236.478 -0.00604205 -0.721849 -0.0452467 0.690543
0000000394.000000 8.26413 -0.649725 236.403 -0.00576377 -0.722038 -0.0454309 0.690336
0000000395.000000 6.91686 -0.577258 236.343 -0.00548542 -0.722384 -0.0456092 0.689965
0000000396.000000 4.52674 -0.444936 236.279 -0.00715378 -0.716332 -0.0482887 0.69605
0000000397.000000 2.02772 -0.310837 236.31 -0.0054432 -0.69896 -0.0438681 0.713793
0000000398.000000 -0.484755 -0.233152 236.633 0.00394122 -0.649065 -0.0316338 0.760065
0000000399.000000 -2.26183 -0.20814 237.312 0.00267839 -0.564847 -0.0243817 0.824831
0000000400.000000 -3.7227 -0.175679 238.236 -0.0023336 -0.4677 -0.0325407 0.883285
0000000401.000000 -4.82897 -0.159343 239.46 0.00103787 -0.363745 -0.0283415 0.931067
0000000402.000000 -5.54916 -0.146203 240.672 0.00601706 -0.272737 -0.0285918 0.961645
0000000403.000000 -6.07359 -0.168665 242.147 0.00507518 -0.183679 -0.0235941 0.98269
0000000404.000000 -6.32735 -0.174673 243.265 0.0091284 -0.12974 -0.0237299 0.991222
0000000405.000000 -6.55769 -0.213253 245.164 0.00898198 -0.0620764 -0.0228782 0.997769
0000000406.000000 -6.64056 -0.257871 247.265 0.00879266 -0.0257433 -0.0160573 0.999501
0000000407.000000 -6.7152 -0.303831 249.576 0.0102635 -0.0151113 -0.0137236 0.999739
0000000408.000000 -6.7971 -0.353341 252.089 0.0111662 -0.0138505 -0.0141404 0.999742
0000000409.000000 -6.86534 -0.40072 253.865 0.0125106 -0.011556 -0.0145292 0.999749
0000000410.000000 -6.91313 -0.457587 255.738 0.0143348 -0.00809898 -0.0148892 0.999754
0000000411.000000 -6.95594 -0.5178 257.613 0.0215166 -0.00896015 -0.0142377 0.999627
0000000412.000000 -7.05423 -0.629904 260.66 0.0130986 -0.00908091 -0.0132939 0.999785
0000000413.000000 -7.11179 -0.726901 263.866 0.020758 -0.011261 -0.00704424 0.999696
0000000414.000000 -7.17608 -0.827111 266.084 0.0217872 -0.0125719 -0.00503414 0.999671
0000000415.000000 -7.24513 -0.931334 268.363 0.0129641 -0.0128514 -0.00741527 0.999806
0000000416.000000 -7.30952 -0.996458 270.674 0.0130035 -0.0125922 -0.00850825 0.9998
0000000417.000000 -7.38262 -1.08329 273.018 0.0181119 -0.0132086 -0.00818471 0.999715
0000000418.000000 -7.45048 -1.188 275.415 0.0185702 -0.0129987 -0.00927238 0.9997
0000000419.000000 -7.51776 -1.29445 277.812 0.0192236 -0.0128216 -0.0103576 0.999679
0000000420.000000 -7.58967 -1.41996 280.254 0.02009 -0.0120519 -0.00952965 0.99968
0000000421.000000 -7.67271 -1.54171 282.691 0.0204095 -0.0115328 -0.00872139 0.999687
0000000422.000000 -7.75497 -1.66019 285.163 0.0160544 -0.0104789 -0.0104233 0.999762
0000000423.000000 -7.8168 -1.76432 287.627 0.0152926 -0.0104913 -0.00964778 0.999781
0000000424.000000 -7.86669 -1.88277 290.099 0.0184344 -0.0098803 -0.00858434 0.999744
0000000425.000000 -7.91835 -2.00078 292.574 0.0184344 -0.0098803 -0.00858434 0.999744
0000000426.000000 -7.98128 -2.11386 295.084 0.0184344 -0.0098803 -0.00858434 0.999744
0000000427.000000 -8.05392 -2.21966 297.599 0.0137272 -0.00930229 -0.0110422 0.999802
