0000000001.000000 2.66353e-26 -3.39961e-27 3.39766e-25 1.21142e-25 -1.33306e-24 -6.8125e-26 1
0000000002.000000 -0.015399 0.000644 0.724361 5.99007e-14 -6.72663e-13 -3.40713e-14 1
0000000003.000000 -0.032737 -0.005839 2.22514 0.0007171 -0.004428 -0.0004027 0.99999
0000000004.000000 -0.072171 -0.012668 3.77719 0.000253817 -0.00900852 -0.00180054 0.999958
0000000005.000000 -0.15187 -0.0243396 6.19766 -0.00212721 -0.0142864 -0.00198862 0.999894
0000000006.000000 -0.245976 -0.0286251 8.68855 -0.00212721 -0.0142864 -0.00198862 0.999894
0000000007.000000 -0.334568 -0.0409828 11.2714 -0.00212721 -0.0142864 -0.00198862 0.999894
0000000008.000000 -0.42818 -0.0544952 13.937 -0.00212721 -0.0142864 -0.00198862 0.999894
0000000009.000000 -0.52956 -0.0620098 16.6458 -0.00212721 -0.0142864 -0.00198862 0.999894
0000000010.000000 -0.583486 -0.0722607 18.481 -0.00212721 -0.0142864 -0.00198862 0.999894
0000000011.000000 -0.64334 -0.0761441 20.3358 -0.00212721 -0.0142864 -0.00198862 0.999894
0000000012.000000 -0.727207 -0.0901498 23.1532 -0.00212721 -0.0142864 -0.00198862 0.999894
0000000013.000000 -0.803357 -0.115804 26.0016 -0.00212721 -0.0142864 -0.00198862 0.999894
0000000014.000000 -0.859965 -0.1139 27.9589 -0.00613685 -0.0146374 0.000906792 0.999874
0000000015.000000 -0.906833 -0.115848 29.919 -0.00413567 -0.0160168 0.00583165 0.999846
0000000016.000000 -1.026 -0.126099 32.8761 -0.00413567 -0.0160168 0.00583165 0.999846
0000000017.000000 -1.08508 -0.136967 34.8238 -0.00413567 -0.0160168 0.00583165 0.999846
0000000018.000000 -1.19601 -0.148725 37.7367 -0.00807919 -0.0166752 0.00205021 0.999826
0000000019.000000 -1.31046 -0.132695 40.7252 -0.00807919 -0.0166752 0.00205021 0.999826
0000000020.000000 -1.38577 -0.132083 42.7049 -0.00807919 -0.0166752 0.00205021 0.999826
0000000021.000000 -1.51025 -0.12766 45.6533 -0.00807919 -0.0166752 0.00205021 0.999826
0000000022.000000 -1.62647 -0.10722 48.5821 -0.00807919 -0.0166752 0.00205021 0.999826
0000000023.000000 -1.71927 -0.105893 51.4523 -0.00807919 -0.0166752 0.00205021 0.999826
0000000024.000000 -1.81217 -0.0843594 54.3031 -0.0131524 -0.0181729 0.00527738 0.999734
0000000025.000000 -1.92941 -0.0529771 57.0857 -0.00825526 -0.0198821 0.00279666 0.999764
0000000026.000000 -2.07228 -0.0512536 59.8075 -0.00761359 -0.0214475 -0.00164668 0.99974
0000000027.000000 -2.20055 -0.0510802 62.4289 -0.00761359 -0.0214475 -0.00164668 0.99974
0000000028.000000 -2.32676 -0.0541708 64.9169 -0.00761359 -0.0214475 -0.00164668 0.99974
0000000029.000000 -2.48767 -0.0468649 68.0269 -0.00953156 -0.0241181 -0.0065601 0.999642
0000000030.000000 -2.6051 -0.0529769 70.149 -0.00243647 -0.025717 -0.00680693 0.999643
0000000031.000000 -2.71296 -0.0831665 72.0891 -0.00243647 -0.025717 -0.00680693 0.999643
0000000032.000000 -2.82587 -0.114295 74.4706 0.00111806 -0.0212474 -0.0047857 0.999762
0000000033.000000 -2.86398 -0.145794 76.627 -0.00429505 -0.00676728 -0.0013902 0.999967
0000000034.000000 -2.76653 -0.158981 78.5899 -0.00541496 0.0343121 -0.0040547 0.999388
0000000035.000000 -2.40966 -0.170167 80.371 -0.00762478 0.1054 -0.00384073 0.994393
0000000036.000000 -1.52538 -0.187247 82.2351 -0.00426283 0.239248 -0.00622378 0.970929
0000000037.000000 0.139251 -0.21238 83.8087 -0.00342354 0.423144 -0.00498381 0.906042
0000000038.000000 2.20212 -0.248624 84.6459 0.00164319 0.566564 -0.00334406 0.824009
0000000039.000000 3.69391 -0.276812 84.9473 0.00367374 0.626041 -0.00204699 0.779779
0000000040.000000 5.28932 -0.319175 85.1054 0.0123143 0.664359 -0.00348595 0.747304
0000000041.000000 6.61246 -0.349027 85.188 0.0122324 0.684077 -0.00553185 0.729286
0000000042.000000 8.06688 -0.396239 85.21 0.0118994 0.69834 -0.00148252 0.715666
0000000043.000000 9.65944 -0.436416 85.2003 0.0148637 0.706761 0.000324819 0.707296
0000000044.000000 11.3994 -0.481665 85.1636 0.0169124 0.712366 0.00118071 0.701604
0000000045.000000 12.6582 -0.51329 85.1309 0.0169124 0.712366 0.00118071 0.701604
0000000046.000000 14.6813 -0.566801 85.0839 0.0200058 0.713052 0.00517723 0.700807
0000000047.000000 16.8515 -0.620603 85.0537 0.0217575 0.709255 0.00713873 0.70458
0000000048.000000 19.9507 -0.697171 85.0889 0.0185986 0.703648 0.00851334 0.710255
0000000049.000000 22.3549 -0.766728 85.1464 0.0184117 0.700662 0.00142585 0.713254
0000000050.000000 24.804 -0.844551 85.2213 0.0184117 0.700662 0.00142585 0.713254
0000000051.000000 27.2666 -0.939918 85.2741 0.0184117 0.700662 0.00142585 0.713254
0000000052.000000 30.5266 -1.06063 85.3504 0.0141333 0.703519 -0.00283024 0.710531
0000000053.000000 32.949 -1.14284 85.3511 0.0111277 0.710065 -0.00263303 0.704043
0000000054.000000 35.3502 -1.21833 85.2865 0.0117219 0.720179 -0.00222226 0.693686
0000000055.000000 36.93 -1.27358 85.1957 0.0110002 0.727645 -0.0015707 0.685864
0000000056.000000 38.4845 -1.32165 85.0714 0.0112828 0.735048 -0.00178444 0.677919
0000000057.000000 40.7665 -1.39718 84.8294 0.0126284 0.745211 -0.00233592 0.666705
0000000058.000000 43.0147 -1.47007 84.5368 0.0134417 0.754434 -0.00149844 0.656236
0000000059.000000 45.1557 -1.53933 84.1976 0.0147539 0.759894 0.00296932 0.649872
0000000060.000000 46.5265 -1.58314 83.9792 0.0147539 0.759894 0.00296932 0.649872
0000000061.000000 47.8253 -1.62181 83.765 0.0147539 0.759894 0.00296932 0.649872
0000000062.000000 49.6441 -1.6925 83.5027 0.0159369 0.754546 0.00223299 0.65605
0000000063.000000 51.828 -1.7811 83.3267 0.0159562 0.733471 -0.00101452 0.679532
0000000064.000000 53.865 -1.86549 83.3932 0.0148357 0.68979 -0.0041343 0.723845
0000000065.000000 55.8004 -1.94274 83.8041 0.00604112 0.616919 -0.00355287 0.786995
0000000066.000000 57.1999 -1.9803 84.3873 0.0101618 0.541013 -0.00370554 0.840945
0000000067.000000 58.0029 -2.01695 84.925 0.0138809 0.482262 -0.00616495 0.875895
0000000068.000000 58.6947 -2.04123 85.5568 0.015164 0.419774 -0.00878552 0.907459
0000000069.000000 59.2903 -2.06932 86.283 0.0126007 0.356991 -0.00801229 0.933988
0000000070.000000 59.9725 -2.10292 87.5142 0.0029052 0.264574 -0.00576475 0.964344
0000000071.000000 60.6668 -2.14143 89.7188 -0.00345614 0.158544 -0.0142085 0.987244
0000000072.000000 61.3782 -2.16058 92.6706 -0.002005 0.123799 -0.0213328 0.992076
0000000073.000000 61.9458 -2.18948 94.8062 0.00685274 0.128717 -0.0200137 0.991456
0000000074.000000 62.5933 -2.23265 97.1712 -0.000767644 0.137937 -0.020645 0.990226
0000000075.000000 63.3346 -2.26603 99.6826 0.00224381 0.141358 -0.0144249 0.989851
0000000076.000000 63.8949 -2.29081 101.685 0.00525762 0.138468 -0.0159785 0.990224
0000000077.000000 64.4828 -2.33123 103.827 -0.00135189 0.135577 -0.0164194 0.99063
0000000078.000000 65.0639 -2.35652 106.045 0.00509337 0.13071 -0.0186675 0.991232
0000000079.000000 65.858 -2.41333 109.15 0.00129793 0.125436 -0.0135789 0.992008
0000000080.000000 66.4699 -2.44424 111.544 0.00129793 0.125436 -0.0135789 0.992008
0000000081.000000 67.4965 -2.52646 115.659 0.00119894 0.130387 -0.0254407 0.991136
0000000082.000000 68.1787 -2.57789 118.134 0.00366143 0.132129 -0.0180348 0.991062
0000000083.000000 69.0569 -2.65501 121.456 -0.00356129 0.134942 -0.0227238 0.990586
0000000084.000000 69.9725 -2.7344 124.702 0.00767101 0.134788 -0.0165367 0.990707
0000000085.000000 70.6316 -2.7764 127.143 -0.00727053 0.133159 -0.0149486 0.990955
0000000086.000000 71.4628 -2.84235 130.32 0.00404562 0.129344 -0.0161638 0.99146
0000000087.000000 72.0496 -2.90755 132.719 0.00517275 0.123742 -0.0187664 0.992123
0000000088.000000 72.6129 -2.97228 135.092 0.00140483 0.121135 -0.022045 0.99239
0000000089.000000 72.9917 -3.01263 136.66 0.00140483 0.121135 -0.022045 0.99239
0000000090.000000 73.368 -3.0409 138.218 0.00445084 0.115508 -0.0181276 0.993131
0000000091.000000 73.7232 -3.06011 139.788 -0.00191053 0.108998 -0.0164118 0.993905
0000000092.000000 74.1921 -3.08271 142.164 -0.00599415 0.102984 -0.0200253 0.994463
0000000093.000000 74.7499 -3.1214 145.307 -0.00069406 0.0892347 -0.0214811 0.995779
0000000094.000000 75.2132 -3.16661 148.53 0.00276986 0.0720363 -0.0249097 0.997087
0000000095.000000 75.588 -3.19803 151.802 -0.00628617 0.0571884 -0.0278775 0.997954
0000000096.000000 75.8194 -3.21848 154.238 0.000536754 0.0508094 -0.0328518 0.998168
0000000097.000000 76.0288 -3.23817 156.736 -0.00641117 0.0465465 -0.0350996 0.998279
0000000098.000000 76.3011 -3.25298 160.003 -0.000656328 0.0359171 -0.0263708 0.999007
0000000099.000000 76.4651 -3.26198 163.319 -0.00801541 0.0222413 -0.0200451 0.99952
0000000100.000000 76.5879 -3.28497 167.502 -0.000932621 0.00570974 -0.00864808 0.999946
0000000101.000000 76.5426 -3.28174 170.865 -0.00455489 -0.00217678 -0.0167505 0.999847
0000000102.000000 76.4987 -3.29931 174.247 -0.00455489 -0.00217678 -0.0167505 0.999847
0000000103.000000 76.4791 -3.31531 177.616 0.00340918 -0.00528839 -0.0112791 0.999917
0000000104.000000 76.4239 -3.35925 181.026 -0.00385972 -0.00811333 -0.0101814 0.999908
0000000105.000000 76.3416 -3.39474 184.399 -0.000308991 -0.0086603 -0.0146888 0.999855
0000000106.000000 76.2644 -3.42113 186.894 -0.00315584 -0.00920621 -0.0198907 0.999755
0000000107.000000 76.2235 -3.43765 188.523 0.00142173 -0.00989541 -0.0202958 0.999744
0000000108.000000 76.1789 -3.44562 190.138 -0.00338529 -0.0116133 -0.020874 0.999709
0000000109.000000 76.1005 -3.46505 193.231 -0.00338529 -0.0116133 -0.020874 0.999709
