0000000001.000000 -91.9629 0.921718 219.36 0.00675268 0.288231 0.0115717 0.957467
0000000002.000000 -91.3338 0.897344 220.755 0.00691289 0.21891 0.00807312 0.975687
0000000003.000000 -90.6863 0.848124 223.17 -0.00114478 0.133864 -0.00950615 0.990953
0000000004.000000 -90.0224 0.806141 226.166 -0.000454902 0.115512 -0.0177802 0.993147
0000000005.000000 -89.1441 0.754789 228.966 -0.00464284 0.173092 -0.0118345 0.984824
0000000006.000000 -87.5234 0.720493 231.315 0.00161965 0.344099 -0.00812299 0.938897
0000000007.000000 -85.9172 0.688725 232.349 0.00172591 0.480201 0.00502595 0.877143
0000000008.000000 -84.8952 0.697291 232.749 0.00218977 0.544271 0.00292098 0.838901
0000000009.000000 -83.3522 0.687701 233.132 -0.00129595 0.612723 0.00563184 0.790277
0000000010.000000 -81.6239 0.676842 233.352 0.00403259 0.654206 0.00440813 0.756293
0000000011.000000 -79.6344 0.66002 233.531 0.00793228 0.677236 -0.000198556 0.735723
0000000012.000000 -77.9557 0.63936 233.617 0.00947438 0.685449 0.00461739 0.728044
0000000013.000000 -76.1403 0.616309 233.725 0.00947438 0.685449 0.00461739 0.728044
0000000014.000000 -73.4887 0.586243 233.88 0.0106235 0.688301 0.0021072 0.725344
0000000015.000000 -70.5839 0.540858 234.025 0.0102528 0.691748 6.33378e-07 0.722066
0000000016.000000 -68.2682 0.488519 234.118 0.0102528 0.691748 6.33378e-07 0.722066
0000000017.000000 -65.072 0.41414 234.228 0.0118079 0.694708 0.00206013 0.719192
0000000018.000000 -63.4382 0.369624 234.289 0.0118079 0.694708 0.00206013 0.719192
0000000019.000000 -60.9182 0.308132 234.382 0.0127233 0.696592 -0.00209101 0.717351
0000000020.000000 -58.3157 0.235657 234.465 0.0127233 0.696592 -0.00209101 0.717351
0000000021.000000 -55.6808 0.158096 234.55 0.0142694 0.693227 0.00194469 0.720575
0000000022.000000 -53.0485 0.0700457 234.684 0.0157416 0.690213 -0.000632714 0.723434
0000000023.000000 -51.2977 0.00437947 234.775 0.0157416 0.690213 -0.000632714 0.723434
0000000024.000000 -49.5466 -0.0545212 234.871 0.0157416 0.690213 -0.000632714 0.723434
0000000025.000000 -46.9404 -0.139035 235.011 0.0134404 0.688233 0.00380034 0.725355
0000000026.000000 -44.3993 -0.225762 235.162 0.0206456 0.687173 -0.00277193 0.726195
0000000027.000000 -41.8645 -0.322285 235.301 0.014039 0.687685 0.0038814 0.725863
0000000028.000000 -39.3827 -0.404344 235.435 0.0194744 0.68716 0.00360049 0.726236
0000000029.000000 -37.734 -0.466479 235.538 0.0194744 0.68716 0.00360049 0.726236
0000000030.000000 -35.3371 -0.559499 235.672 0.0194744 0.68716 0.00360049 0.726236
0000000031.000000 -32.1813 -0.671569 235.868 0.0194744 0.68716 0.00360049 0.726236
0000000032.000000 -29.1738 -0.789196 236.064 0.0194744 0.68716 0.00360049 0.726236
0000000033.000000 -26.3546 -0.900586 236.256 0.0168414 0.68664 -0.00176003 0.7268
0000000034.000000 -24.2942 -0.978594 236.385 0.0168414 0.68664 -0.00176003 0.7268
0000000035.000000 -22.2876 -1.0616 236.488 0.0168414 0.68664 -0.00176003 0.7268
0000000036.000000 -20.4069 -1.14684 236.591 0.0187589 0.68913 -0.00396153 0.724384
0000000037.000000 -18.1535 -1.25268 236.686 0.0167264 0.695371 -0.00358645 0.718447
0000000038.000000 -15.7472 -1.3705 236.691 0.0160657 0.709201 -0.00259503 0.704819
0000000039.000000 -13.7585 -1.45246 236.596 0.0153856 0.726245 -0.00123861 0.687263
0000000040.000000 -11.7086 -1.5399 236.314 0.0191989 0.754368 0.00658046 0.656138
0000000041.000000 -9.87367 -1.59811 235.771 0.0244456 0.803202 0.00696764 0.595165
0000000042.000000 -8.09488 -1.65457 234.803 0.0273931 0.871619 0.00167778 0.489414
0000000043.000000 -7.06817 -1.68853 233.881 0.022186 0.914494 -0.000619374 0.40399
0000000044.000000 -6.34742 -1.69738 232.892 0.023948 0.944525 -0.000435013 0.327565
0000000045.000000 -5.92474 -1.70311 232.111 0.0251907 0.962307 -0.00212248 0.270786
0000000046.000000 -5.41874 -1.7258 230.752 0.0251604 0.982511 -0.000853879 0.184494
0000000047.000000 -5.1443 -1.724 229.166 0.0290573 0.993438 0.00348219 0.110568
0000000048.000000 -4.94035 -1.70994 227.349 0.0285565 0.99786 0.00801735 0.0582755
0000000049.000000 -4.81477 -1.68453 225.364 0.0288681 0.999154 0.00834364 0.0280875
0000000050.000000 -4.76269 -1.63624 222.369 0.0310217 0.999451 0.0111353 0.00335959
0000000051.000000 -4.77436 -1.59178 219.919 0.0322123 0.999407 0.0118898 -0.00248171
0000000052.000000 -4.78614 -1.55772 218.211 0.0322123 0.999407 0.0118898 -0.00248171
0000000053.000000 -4.78414 -1.50204 215.512 0.0322123 0.999407 0.0118898 -0.00248171
0000000054.000000 -4.78799 -1.46976 213.617 0.0322123 0.999407 0.0118898 -0.00248171
0000000055.000000 -4.78851 -1.43621 211.655 0.0322123 0.999407 0.0118898 -0.00248171
0000000056.000000 -4.7787 -1.40186 209.642 0.0322123 0.999407 0.0118898 -0.00248171
0000000057.000000 -4.76131 -1.36113 207.578 0.0322123 0.999407 0.0118898 -0.00248171
0000000058.000000 -4.74891 -1.32966 205.468 0.0322123 0.999407 0.0118898 -0.00248171
0000000059.000000 -4.74373 -1.28951 203.297 0.0322123 0.999407 0.0118898 -0.00248171
0000000060.000000 -4.74628 -1.2519 201.086 0.0322123 0.999407 0.0118898 -0.00248171
0000000061.000000 -4.74659 -1.21976 198.85 0.0322123 0.999407 0.0118898 -0.00248171
0000000062.000000 -4.74282 -1.18749 196.589 0.0322123 0.999407 0.0118898 -0.00248171
0000000063.000000 -4.75279 -1.15263 194.315 0.0322123 0.999407 0.0118898 -0.00248171
0000000064.000000 -4.76563 -1.11785 192.006 0.0322123 0.999407 0.0118898 -0.00248171
0000000065.000000 -4.76525 -1.08831 189.696 0.0322123 0.999407 0.0118898 -0.00248171
0000000066.000000 -4.77101 -1.05084 187.355 0.0322123 0.999407 0.0118898 -0.00248171
0000000067.000000 -4.774 -1.01961 185.004 0.0322123 0.999407 0.0118898 -0.00248171
0000000068.000000 -4.79362 -0.986865 182.627 0.0322123 0.999407 0.0118898 -0.00248171
0000000069.000000 -4.80326 -0.9463 180.218 0.0322123 0.999407 0.0118898 -0.00248171
0000000070.000000 -4.81366 -0.906192 177.789 0.0322123 0.999407 0.0118898 -0.00248171
0000000071.000000 -4.83737 -0.873427 175.336 0.0322123 0.999407 0.0118898 -0.00248171
0000000072.000000 -4.85806 -0.844234 172.847 0.0322123 0.999407 0.0118898 -0.00248171
0000000073.000000 -4.87631 -0.810892 170.341 0.0322123 0.999407 0.0118898 -0.00248171
0000000074.000000 -4.88353 -0.769905 167.782 0.0322123 0.999407 0.0118898 -0.00248171
0000000075.000000 -4.88486 -0.734573 165.229 0.0322123 0.999407 0.0118898 -0.00248171
0000000076.000000 -4.89686 -0.70502 162.668 0.0322123 0.999407 0.0118898 -0.00248171
0000000077.000000 -4.90846 -0.669217 160.08 0.0322123 0.999407 0.0118898 -0.00248171
0000000078.000000 -4.91936 -0.631189 157.49 0.0322123 0.999407 0.0118898 -0.00248171
0000000079.000000 -4.91659 -0.599734 154.899 0.0322123 0.999407 0.0118898 -0.00248171
0000000080.000000 -4.92628 -0.563916 152.293 0.0322123 0.999407 0.0118898 -0.00248171
0000000081.000000 -4.93922 -0.535409 149.665 0.0322123 0.999407 0.0118898 -0.00248171
0000000082.000000 -4.94145 -0.508993 147.055 0.0322123 0.999407 0.0118898 -0.00248171
0000000083.000000 -4.94671 -0.480307 144.449 0.0322123 0.999407 0.0118898 -0.00248171
0000000084.000000 -4.94867 -0.455485 141.865 0.0322123 0.999407 0.0118898 -0.00248171
0000000085.000000 -4.95115 -0.429052 139.28 0.0322123 0.999407 0.0118898 -0.00248171
0000000086.000000 -4.9451 -0.404031 136.718 0.0322123 0.999407 0.0118898 -0.00248171
0000000087.000000 -4.94732 -0.366878 134.173 0.0322123 0.999407 0.0118898 -0.00248171
0000000088.000000 -4.95019 -0.338511 131.619 0.0322123 0.999407 0.0118898 -0.00248171
0000000089.000000 -4.95374 -0.315951 129.074 0.0322123 0.999407 0.0118898 -0.00248171
0000000090.000000 -4.96437 -0.291544 126.547 0.0322123 0.999407 0.0118898 -0.00248171
0000000091.000000 -4.97131 -0.26856 124.05 0.0322123 0.999407 0.0118898 -0.00248171
0000000092.000000 -4.97333 -0.248831 121.575 0.0322123 0.999407 0.0118898 -0.00248171
0000000093.000000 -4.97469 -0.237907 119.159 0.0322123 0.999407 0.0118898 -0.00248171
0000000094.000000 -4.98452 -0.224809 116.807 0.0322123 0.999407 0.0118898 -0.00248171
0000000095.000000 -5.00008 -0.208154 113.388 0.0322123 0.999407 0.0118898 -0.00248171
0000000096.000000 -5.00928 -0.204895 111.224 0.0322123 0.999407 0.0118898 -0.00248171
0000000097.000000 -5.03993 -0.189941 108.113 0.0322123 0.999407 0.0118898 -0.00248171
0000000098.000000 -5.05083 -0.177725 106.128 0.0322123 0.999407 0.0118898 -0.00248171
0000000099.000000 -5.054 -0.170146 104.255 0.0322123 0.999407 0.0118898 -0.00248171
0000000100.000000 -5.06294 -0.161809 101.643 0.0322123 0.999407 0.0118898 -0.00248171
0000000101.000000 -5.0647 -0.15583 100.027 0.0322123 0.999407 0.0118898 -0.00248171
0000000102.000000 -5.07888 -0.148723 97.7664 0.0374915 0.999216 0.0122176 0.00357824
0000000103.000000 -5.03745 -0.145376 96.3702 0.0408896 0.998919 0.0125412 0.0182221
0000000104.000000 -4.73972 -0.151458 93.8741 0.0437717 0.996258 0.0115548 0.0736217
0000000105.000000 -4.28774 -0.169406 92.2042 0.0380295 0.990448 0.00938824 0.132208
0000000106.000000 -3.61715 -0.190298 90.7142 0.0275569 0.978987 0.00835994 0.201878
0000000107.000000 -2.42977 -0.20791 88.976 0.0127408 0.951683 0.00917693 0.306682
0000000108.000000 -0.943019 -0.224631 87.5643 0.0119013 0.907645 0.00956517 0.419462
0000000109.000000 0.390335 -0.227702 86.8119 0.0100269 0.866249 0.00763416 0.499454
0000000110.000000 2.329 -0.2626 86.1903 0.0101822 0.80607 0.00344281 0.591722
0000000111.000000 3.84762 -0.28266 85.9672 0.00577732 0.768633 -0.00141155 0.639662
0000000112.000000 5.40459 -0.334537 85.8173 0.00978734 0.74525 -0.00476207 0.666697
0000000113.000000 7.04161 -0.370107 85.6927 0.0131075 0.733327 -0.00527614 0.679729
0000000114.000000 8.76978 -0.420646 85.5901 0.0105418 0.729056 -0.00266896 0.684368
0000000115.000000 10.6243 -0.46941 85.4687 0.0145309 0.728499 -0.000431336 0.684893
0000000116.000000 11.9353 -0.501789 85.3855 0.0145309 0.728499 -0.000431336 0.684893
0000000117.000000 14.013 -0.553074 85.2446 0.0180619 0.727651 0.00340049 0.685702
0000000118.000000 16.2417 -0.60486 85.1147 0.0218926 0.723061 0.00699442 0.690402
