0000000001.000000 4.13282e-16 2.21444e-17 -2.59262e-15 6.99645e-17 7.74198e-16 -8.11832e-17 1
0000000002.000000 -0.0149857 0.000666144 0.721768 4.02846e-05 0.00032513 -6.09036e-05 1
0000000003.000000 -0.0309354 -0.0059135 2.21997 0.000800689 -0.00392171 -0.000525846 0.999992
0000000004.000000 -0.0683861 -0.0129724 3.76946 0.000383238 -0.00845571 -0.00198631 0.999962
0000000005.000000 -0.145001 -0.0252319 6.18743 -0.00194681 -0.0138853 -0.00223772 0.999899
0000000006.000000 -0.236702 -0.0303691 8.6758 -0.00188447 -0.0142341 -0.00230228 0.999894
0000000007.000000 -0.324625 -0.0439274 11.2561 -0.00181681 -0.0147926 -0.00236827 0.999886
0000000008.000000 -0.420541 -0.0590262 13.919 -0.00174436 -0.0155663 -0.00243582 0.999874
0000000009.000000 -0.529218 -0.0682055 16.6343 -0.00232256 -0.0156733 -0.00238667 0.999872
0000000010.000000 -0.588591 -0.0773666 18.4762 -0.00272414 -0.0157112 -0.00233436 0.99987
0000000011.000000 -0.654079 -0.0786614 20.3377 -0.0029589 -0.0156874 -0.00227885 0.99987
0000000012.000000 -0.746192 -0.0875997 23.1616 -0.00292763 -0.0155563 -0.00221861 0.999872
0000000013.000000 -0.82993 -0.108324 26.0167 -0.00260897 -0.0153005 -0.00215363 0.999877
0000000014.000000 -0.890851 -0.104177 27.9806 -0.00613845 -0.0153157 0.000806359 0.999864
0000000015.000000 -0.938271 -0.106542 29.9363 -0.00352916 -0.0141221 0.00573106 0.999878
0000000016.000000 -1.0441 -0.120721 32.8895 -0.00324815 -0.0129822 0.00571133 0.999894
0000000017.000000 -1.08923 -0.135391 34.8332 -0.00318942 -0.0128067 0.00567944 0.999897
0000000018.000000 -1.17933 -0.152954 37.7424 -0.0074091 -0.0147023 0.00185525 0.999863
0000000019.000000 -1.27986 -0.141301 40.727 -0.00797232 -0.0173955 0.00179035 0.999815
0000000020.000000 -1.3578 -0.141152 42.6993 -0.00813388 -0.0175127 0.00173687 0.999812
0000000021.000000 -1.48699 -0.136424 45.6404 -0.00832571 -0.0175819 0.00168292 0.999809
0000000022.000000 -1.60828 -0.114555 48.5617 -0.00851854 -0.0176162 0.00162897 0.999807
0000000023.000000 -1.70628 -0.110733 51.4246 -0.0087459 -0.0176535 0.00157446 0.999805
0000000024.000000 -1.8064 -0.0850146 54.2754 -0.0141131 -0.020411 0.00482208 0.99968
0000000025.000000 -1.93776 -0.0479389 57.0576 -0.00925512 -0.0222572 0.00238685 0.999707
0000000026.000000 -2.09524 -0.0403825 59.779 -0.00841176 -0.0228525 -0.00200539 0.999701
0000000027.000000 -2.23252 -0.035608 62.4003 -0.00799359 -0.0208107 -0.0019431 0.99975
0000000028.000000 -2.35492 -0.0378662 64.9104 -0.00665615 -0.0193077 -0.00181833 0.99979
0000000029.000000 -2.50187 -0.037608 68.0431 -0.00813692 -0.0218571 -0.00664067 0.999706
0000000030.000000 -2.60909 -0.0507942 70.1877 -0.0011353 -0.0243369 -0.00683935 0.99968
0000000031.000000 -2.71098 -0.0871685 72.1499 -0.00158838 -0.0261367 -0.00680055 0.999634
0000000032.000000 -2.82526 -0.123425 74.5532 0.0010304 -0.0244947 -0.00475606 0.999688
0000000033.000000 -2.87835 -0.154403 76.7086 -0.00448218 -0.00999483 -0.00129315 0.999939
0000000034.000000 -2.79455 -0.166738 78.6715 -0.0056566 0.0315693 -0.00388125 0.999478
0000000035.000000 -2.44843 -0.176832 80.4538 -0.00791375 0.103523 -0.00360481 0.994589
0000000036.000000 -1.57215 -0.192343 82.3205 -0.00459271 0.238539 -0.00594793 0.971104
0000000037.000000 0.0892324 -0.21542 83.8958 -0.00379532 0.423612 -0.00471707 0.905824
0000000038.000000 2.15203 -0.249579 84.7301 0.00125844 0.567884 -0.00310808 0.823102
0000000039.000000 3.64383 -0.276355 85.0261 0.003312 0.627986 -0.00182243 0.778215
0000000040.000000 5.23909 -0.317304 85.1755 0.0119833 0.666708 -0.00330114 0.745216
0000000041.000000 6.5618 -0.346058 85.2491 0.0119438 0.686682 -0.0053669 0.72684
0000000042.000000 8.01544 -0.39221 85.26 0.0116836 0.701022 -0.00134594 0.713043
0000000043.000000 9.60697 -0.431426 85.2376 0.0147244 0.709334 0.000408522 0.704718
0000000044.000000 11.3457 -0.475909 85.1876 0.0168564 0.714617 0.00120125 0.699312
0000000045.000000 12.6034 -0.507214 85.146 0.0169444 0.714153 0.00113492 0.699784
0000000046.000000 14.6252 -0.560734 85.0881 0.020142 0.714111 0.00504183 0.699724
0000000047.000000 16.7943 -0.615173 85.0506 0.0219973 0.709311 0.00690134 0.704519
0000000048.000000 19.9096 -0.69492 85.0882 0.0189166 0.702285 0.00786807 0.711601
0000000049.000000 22.3296 -0.769006 85.1579 0.0185955 0.699017 0.000638889 0.714863
0000000050.000000 24.7944 -0.851403 85.2472 0.0182295 0.699869 0.000753236 0.714038
0000000051.000000 27.2729 -0.949615 85.3086 0.0177025 0.701913 0.00108624 0.712042
0000000052.000000 30.5485 -1.06809 85.371 0.0129927 0.705847 -0.00275934 0.70824
0000000053.000000 32.9863 -1.14574 85.3534 0.00987978 0.712307 -0.00252978 0.701794
0000000054.000000 35.4026 -1.21632 85.2709 0.0106721 0.721389 -0.00246018 0.692443
0000000055.000000 36.9975 -1.26953 85.1721 0.0103692 0.727367 -0.00239176 0.686166
0000000056.000000 38.5521 -1.31818 85.0491 0.0104992 0.734812 -0.00251807 0.678185
0000000057.000000 40.8342 -1.39387 84.8088 0.0116965 0.745012 -0.00299304 0.666942
0000000058.000000 43.0826 -1.46625 84.5177 0.0123609 0.754269 -0.00208651 0.656446
0000000059.000000 45.2238 -1.53445 84.1798 0.0135215 0.759761 0.00244926 0.650057
0000000060.000000 46.5948 -1.57715 83.9621 0.0133678 0.759783 0.00252362 0.650035
0000000061.000000 47.8938 -1.61436 83.7485 0.013216 0.759802 0.00259576 0.650015
0000000062.000000 49.7128 -1.68235 83.487 0.0142473 0.754468 0.00194245 0.656179
0000000063.000000 51.8969 -1.76668 83.3118 0.0141152 0.733398 -0.00118032 0.679652
0000000064.000000 53.934 -1.84585 83.3791 0.0128524 0.689713 -0.00410848 0.723957
0000000065.000000 55.8696 -1.91656 83.7906 0.00394441 0.616825 -0.00325032 0.787084
0000000066.000000 57.2691 -1.9481 84.3743 0.00798895 0.540918 -0.00311256 0.841031
0000000067.000000 58.072 -1.98045 84.9123 0.0116493 0.482164 -0.00532174 0.875987
0000000068.000000 58.7637 -2.00025 85.5444 0.0129017 0.419668 -0.00767903 0.907554
0000000069.000000 59.3592 -2.02369 86.2708 0.0103328 0.356873 -0.00663989 0.934072
0000000070.000000 60.0413 -2.05041 87.5022 0.000709269 0.264428 -0.00405797 0.964397
0000000071.000000 60.7351 -2.07847 89.7072 -0.00550575 0.158358 -0.0121471 0.987292
0000000072.000000 61.4456 -2.08423 92.6592 -0.00402138 0.123595 -0.0190717 0.992141
0000000073.000000 62.0127 -2.10292 94.7952 0.00478729 0.128529 -0.0176331 0.991537
0000000074.000000 62.6596 -2.13442 97.1605 -0.00288858 0.137719 -0.0181581 0.990301
0000000075.000000 63.4002 -2.15486 99.6722 8.45222e-05 0.141151 -0.0118184 0.989918
0000000076.000000 63.9598 -2.1693 101.675 0.00308271 0.138257 -0.0132396 0.990303
0000000077.000000 64.5472 -2.19855 103.818 -0.00353716 0.135336 -0.0135504 0.990701
0000000078.000000 65.1275 -2.21229 106.036 0.00290984 0.130475 -0.0156621 0.991324
0000000079.000000 65.9206 -2.25287 109.141 -0.000876305 0.125188 -0.0104388 0.992078
0000000080.000000 66.5316 -2.27118 111.535 -0.000876443 0.125178 -0.0103157 0.99208
0000000081.000000 67.5567 -2.33176 115.651 -0.000980034 0.130099 -0.0220672 0.991255
0000000082.000000 68.2381 -2.36968 118.127 0.00148797 0.131852 -0.0145427 0.991162
0000000083.000000 69.1151 -2.42893 121.45 -0.00572263 0.13462 -0.0191199 0.990696
0000000084.000000 70.0296 -2.49044 124.697 0.00553592 0.134509 -0.0128096 0.990814
0000000085.000000 70.6876 -2.51929 127.137 -0.00936662 0.13281 -0.0111037 0.991035
0000000086.000000 71.5174 -2.56845 130.316 0.00200529 0.129029 -0.0121898 0.991564
0000000087.000000 72.1033 -2.62145 132.715 0.00320234 0.123417 -0.0146639 0.992241
0000000088.000000 72.6656 -2.67441 135.088 -0.000501546 0.120777 -0.0178227 0.992519
0000000089.000000 73.0437 -2.70705 136.657 -0.000446059 0.120766 -0.0177071 0.992523
0000000090.000000 73.4193 -2.72778 138.215 0.0026826 0.115148 -0.0136629 0.993251
0000000091.000000 73.7735 -2.73977 139.785 -0.00358637 0.108599 -0.0118236 0.994009
0000000092.000000 74.2408 -2.75235 142.161 -0.00757103 0.102549 -0.0153157 0.994581
0000000093.000000 74.7965 -2.77876 145.306 -0.00212703 0.0888133 -0.0166364 0.995907
0000000094.000000 75.2577 -2.8129 148.529 0.0015092 0.0716199 -0.01993 0.997232
0000000095.000000 75.6301 -2.83457 151.802 -0.00737532 0.0567154 -0.0227756 0.998103
0000000096.000000 75.8597 -2.84869 154.238 -0.000415786 0.0503621 -0.0276333 0.998349
0000000097.000000 76.0672 -2.86267 156.736 -0.00723253 0.0460564 -0.0297739 0.998469
0000000098.000000 76.3368 -2.87071 160.003 -0.00130899 0.0354593 -0.0209275 0.999151
0000000099.000000 76.498 -2.8748 163.319 -0.00847162 0.0217432 -0.0144925 0.999623
0000000100.000000 76.6173 -2.89356 167.502 -0.00116672 0.00525382 -0.00298335 0.999981
0000000101.000000 76.5689 -2.88945 170.865 -0.00459699 -0.00265264 -0.0109861 0.999926
0000000102.000000 76.5221 -2.90711 174.247 -0.00444602 -0.00264799 -0.0108858 0.999927
0000000103.000000 76.4998 -2.92392 177.616 0.00369238 -0.00570626 -0.00531109 0.999963
0000000104.000000 76.442 -2.9702 181.026 -0.00339372 -0.00856607 -0.00411789 0.999949
0000000105.000000 76.3572 -3.00947 184.399 0.000335794 -0.00907711 -0.00852469 0.999922
0000000106.000000 76.2783 -3.03972 186.893 -0.00232652 -0.00962234 -0.0136291 0.999858
0000000107.000000 76.2362 -3.05924 188.523 0.00243799 -0.0102655 -0.0139335 0.999847
0000000108.000000 76.1904 -3.07082 190.138 -0.00217158 -0.0119956 -0.0144161 0.999822
0000000109.000000 76.1098 -3.09825 193.23 -0.00197866 -0.0119752 -0.0143167 0.999824
0000000110.000000 76.0704 -3.14023 195.305 0.00512804 -0.0102435 -0.0107059 0.999877
0000000111.000000 76.0172 -3.18789 198.022 -0.00328614 0.0010531 -0.0154044 0.999875
0000000112.000000 76.09 -3.23978 201.247 0.00819406 0.0184127 -0.0165639 0.99966
0000000113.000000 76.2823 -3.30915 204.478 0.000949884 0.0293405 -0.0102208 0.999517
0000000114.000000 76.4383 -3.3542 207.733 0.0043246 0.0284826 -0.0177314 0.999428
0000000115.000000 76.5496 -3.39811 210.38 0.00217948 0.0219431 -0.0179913 0.999595
0000000116.000000 76.6369 -3.4178 213.092 -0.00532014 0.0149683 -0.0133704 0.999784
0000000117.000000 76.7431 -3.43865 216.584 -0.00415305 0.00982786 0.000613364 0.999943
0000000118.000000 76.8255 -3.45574 219.348 -0.00103515 0.00778764 0.00946569 0.999924
0000000119.000000 76.8527 -3.47951 221.434 -0.000782388 0.00782044 0.00956792 0.999923
0000000120.000000 76.8758 -3.50416 222.788 0.00792328 0.0078289 0.0115853 0.999871
0000000121.000000 76.896 -3.55104 224.792 0.00818336 0.00786419 0.0116872 0.999867
0000000122.000000 76.9357 -3.60532 226.653 0.000446437 0.00717617 0.0126496 0.999894
0000000123.000000 76.9117 -3.66152 229.454 0.00434536 -0.0133295 0.0210499 0.99968
0000000124.000000 76.5947 -3.73152 231.917 0.00270631 -0.0764593 0.0234008 0.996794
0000000125.000000 75.8199 -3.79472 234.034 0.0115718 -0.185109 0.00886145 0.98261
0000000126.000000 74.2403 -3.84992 236.03 0.00625479 -0.349134 -0.0228934 0.936772
0000000127.000000 72.8564 -3.82987 236.983 -0.0031842 -0.451389 -0.0351418 0.891629
0000000128.000000 70.9414 -3.73729 237.746 -0.00177624 -0.57437 -0.0239818 0.818243
0000000129.000000 69.594 -3.69653 237.989 -0.00345877 -0.631229 -0.0248711 0.77519
0000000130.000000 68.1218 -3.65245 238.102 -0.00228293 -0.671429 -0.0245019 0.74066
0000000131.000000 66.5604 -3.60363 238.112 0.000360024 -0.695126 -0.0252784 0.718443
0000000132.000000 64.2582 -3.53098 238.092 0.00359676 -0.707605 -0.0262749 0.706111
0000000133.000000 61.6532 -3.45844 238.069 0.00308976 -0.70763 -0.0264736 0.70608
0000000134.000000 59.5116 -3.39399 238.067 0.00259529 -0.707654 -0.0266599 0.706051
0000000135.000000 57.1614 -3.31782 238.057 0.00211452 -0.707676 -0.0268324 0.706025
0000000136.000000 54.6234 -3.23498 238.052 0.00164858 -0.707695 -0.0269901 0.706001
0000000137.000000 51.972 -3.14595 238.04 -0.00432873 -0.706441 -0.0295664 0.707141
0000000138.000000 49.3138 -3.05682 238.032 -0.00476341 -0.706454 -0.0296939 0.70712
0000000139.000000 46.6556 -2.95169 238.024 -0.0111154 -0.709166 -0.031043 0.704271
0000000140.000000 44.0042 -2.81997 237.986 -0.0138321 -0.712105 -0.0302858 0.701283
0000000141.000000 41.3878 -2.69416 237.906 -0.0142215 -0.712108 -0.0303631 0.701269
0000000142.000000 38.7771 -2.57281 237.844 -0.00810147 -0.713145 -0.031725 0.700251
0000000143.000000 37.0574 -2.49596 237.808 -0.00846588 -0.713147 -0.031776 0.700242
0000000144.000000 35.3598 -2.4246 237.778 -0.00882043 -0.713148 -0.031817 0.700236
0000000145.000000 33.677 -2.35523 237.753 -0.0131366 -0.711876 -0.0300606 0.701539
0000000146.000000 32.0147 -2.27986 237.737 -0.0134715 -0.711872 -0.0300826 0.701535
0000000147.000000 30.3554 -2.20215 237.714 -0.0137968 -0.711867 -0.0300948 0.701533
0000000148.000000 27.8801 -2.0781 237.656 -0.0171689 -0.712351 -0.034471 0.700766
0000000149.000000 24.6295 -1.88471 237.558 -0.0127341 -0.717128 -0.032188 0.696081
0000000150.000000 22.2407 -1.7629 237.441 -0.0117897 -0.721881 -0.0346609 0.691048
0000000151.000000 20.6575 -1.67806 237.345 -0.0109136 -0.724765 -0.0387877 0.687817
0000000152.000000 18.3526 -1.5477 237.176 -0.00571589 -0.726928 -0.0427735 0.685357
0000000153.000000 16.1369 -1.42704 237.026 -0.00595928 -0.726915 -0.0426938 0.685373
0000000154.000000 13.3518 -1.27881 236.85 -0.00445781 -0.725178 -0.0460688 0.687004
0000000155.000000 11.4437 -1.17802 236.739 -0.00329152 -0.72206 -0.0460763 0.690286
0000000156.000000 10.239 -1.11268 236.689 -0.00350211 -0.722043 -0.0459628 0.690311
0000000157.000000 9.08729 -1.04658 236.643 -0.00370604 -0.722025 -0.0458424 0.690337
0000000158.000000 8.01155 -0.99156 236.607 -0.00390374 -0.722006 -0.0457157 0.690364
0000000159.000000 7.00704 -0.936723 236.576 -0.0049033 -0.718937 -0.0453093 0.69358
0000000160.000000 4.77679 -0.814875 236.532 -0.00753406 -0.710376 -0.0460265 0.702276
0000000161.000000 2.12321 -0.664287 236.613 -0.00880231 -0.695207 -0.0423 0.71751
0000000162.000000 -0.491077 -0.551337 236.816 0.00307123 -0.668552 -0.0285244 0.743112
0000000163.000000 -2.50491 -0.509732 237.424 -0.0037625 -0.585341 -0.0275465 0.81031
0000000164.000000 -4.16524 -0.467773 238.522 -0.00746562 -0.45751 -0.0336026 0.888538
0000000165.000000 -5.14513 -0.441019 239.707 0.00148268 -0.344083 -0.0299073 0.938462
0000000166.000000 -5.89809 -0.438292 241.306 0.00182584 -0.221417 -0.0247295 0.974864
0000000167.000000 -6.2707 -0.450794 242.735 0.00605093 -0.140976 -0.0213832 0.989764
0000000168.000000 -6.49366 -0.480757 244.371 0.00736645 -0.0774131 -0.0205393 0.99676
0000000169.000000 -6.62339 -0.514211 246.168 0.00696923 -0.037149 -0.0169945 0.999141
0000000170.000000 -6.71134 -0.564369 248.805 0.00791041 -0.0136662 -0.0156027 0.999754
0000000171.000000 -6.74106 -0.612485 250.933 0.00871448 -0.00704196 -0.0144818 0.999832
0000000172.000000 -6.76404 -0.643213 252.454 0.00861655 -0.00705145 -0.0144141 0.999834
0000000173.000000 -6.8087 -0.69924 254.796 0.00853764 -0.00707079 -0.0143464 0.999836
0000000174.000000 -6.84612 -0.740793 256.434 0.0132856 -0.00872087 -0.0146253 0.999767
0000000175.000000 -6.91787 -0.799857 258.998 0.0132409 -0.00875755 -0.014557 0.999768
0000000176.000000 -6.97369 -0.881626 261.678 0.00673946 -0.00871185 -0.0110916 0.999878
0000000177.000000 -7.02973 -0.951683 264.449 0.0161884 -0.0110947 -0.00879262 0.999769
0000000178.000000 -7.10139 -1.06496 267.35 0.0162112 -0.0111664 -0.00872394 0.999768
0000000179.000000 -7.1789 -1.174 270.337 0.0116656 -0.0105316 -0.00792508 0.999845
0000000180.000000 -7.22811 -1.23947 272.359 0.0117287 -0.0106249 -0.00785665 0.999844
0000000181.000000 -7.25932 -1.29847 274.414 0.0118085 -0.0107269 -0.00778831 0.999842
0000000182.000000 -7.31895 -1.36279 276.492 0.0119051 -0.0108378 -0.00771985 0.999841
0000000183.000000 -7.3663 -1.44332 278.58 0.0156561 -0.0130675 -0.00571196 0.999776
0000000184.000000 -7.44314 -1.53312 280.678 0.0157864 -0.0131962 -0.00564322 0.999772
0000000185.000000 -7.51053 -1.61844 282.785 0.0159336 -0.0133338 -0.0055744 0.999769
0000000186.000000 -7.59382 -1.69897 284.888 0.0119809 -0.0146404 -0.00731872 0.999794
0000000187.000000 -7.66879 -1.77648 286.993 0.0121624 -0.0147959 -0.00725036 0.99979
0000000188.000000 -7.73081 -1.86563 289.055 0.0123606 -0.0149601 -0.00718204 0.999786
0000000189.000000 -7.83666 -1.98497 292.133 0.0125837 -0.0151374 -0.00711362 0.999781
0000000190.000000 -7.94986 -2.09079 295.205 0.0128316 -0.0153277 -0.00704497 0.999775
0000000191.000000 -8.02944 -2.16347 297.269 0.0082833 -0.0170336 -0.00917539 0.999779
0000000192.000000 -8.11757 -2.23114 299.309 0.00831354 -0.018482 -0.00930122 0.999751
0000000193.000000 -8.22257 -2.28202 301.34 0.0124966 -0.0184448 -0.0120645 0.999679
0000000194.000000 -8.35586 -2.39678 304.37 0.0130027 -0.0175478 -0.0121215 0.999688
0000000195.000000 -8.44148 -2.46467 306.406 0.0136968 -0.0156845 -0.0121539 0.999709
0000000196.000000 -8.52009 -2.54271 308.472 0.0145998 -0.0128378 -0.0121577 0.999737
0000000197.000000 -8.56708 -2.62324 310.491 0.0167864 -0.00615064 -0.0118979 0.999769
0000000198.000000 -8.59558 -2.71062 312.527 0.0176786 -0.00333595 -0.0117476 0.999769
0000000199.000000 -8.61049 -2.81138 314.596 0.0171654 -0.00448097 -0.0117245 0.999774
0000000200.000000 -8.63225 -2.90784 316.686 0.0152702 -0.00960501 -0.0118238 0.999767
0000000201.000000 -8.6703 -2.98926 318.796 0.0120693 -0.0188108 -0.0120279 0.999678
0000000202.000000 -8.77262 -3.06507 320.998 0.012027 -0.0197057 -0.0117607 0.999664
0000000203.000000 -8.87211 -3.14273 323.181 0.0122299 -0.0195585 -0.0114622 0.999668
0000000204.000000 -8.96147 -3.22829 325.355 0.0127465 -0.0182708 -0.0111264 0.99969
0000000205.000000 -9.04765 -3.30878 327.516 0.0134862 -0.0158831 -0.0107592 0.999725
0000000206.000000 -9.12234 -3.39008 329.665 0.0144134 -0.0123924 -0.0103623 0.999766
0000000207.000000 -9.17247 -3.47612 331.71 0.0129977 -0.011601 -0.0102675 0.999796
0000000208.000000 -9.22388 -3.55208 333.743 0.0124754 -0.0110754 -0.0101661 0.999809
0000000209.000000 -9.27447 -3.62524 335.743 0.012806 -0.0107914 -0.0100573 0.999809
0000000210.000000 -9.3528 -3.74317 338.712 0.0107013 -0.0123394 -0.00719108 0.999841
0000000211.000000 -9.43792 -3.85495 341.591 0.0134032 -0.0125928 -0.00705674 0.999806
0000000212.000000 -9.52082 -3.9687 344.413 0.0119752 -0.0135389 -0.00692974 0.999813
0000000213.000000 -9.62428 -4.07644 347.15 0.0109865 -0.0144438 -0.00679071 0.999812
0000000214.000000 -9.70633 -4.17497 349.746 0.0104138 -0.0152709 -0.00664252 0.999807
0000000215.000000 -9.7706 -4.26642 352.179 0.0102311 -0.0159939 -0.00648748 0.999799
0000000216.000000 -9.81181 -4.32262 353.687 0.0102884 -0.0166516 -0.00632831 0.999788
0000000217.000000 -9.86402 -4.41284 355.745 0.0113728 -0.0178676 -0.00676776 0.999753
0000000218.000000 -9.93699 -4.49199 357.64 0.0120633 -0.0187036 -0.00720286 0.999726
0000000219.000000 -10.0405 -4.58086 359.858 0.0122944 -0.0190918 -0.00763697 0.999713
0000000220.000000 -10.1869 -4.66694 361.743 0.0155458 -0.0400868 -0.00937114 0.999031
0000000221.000000 -10.5395 -4.74091 363.472 0.0114588 -0.0872505 -0.0140644 0.996021
0000000222.000000 -11.1255 -4.77809 365.032 0.0060938 -0.166904 -0.0185321 0.98578
0000000223.000000 -11.9415 -4.78317 366.379 -0.00458282 -0.257629 -0.0276191 0.965838
0000000224.000000 -13.0605 -4.73504 367.617 -0.0171963 -0.367242 -0.0314607 0.929434
0000000225.000000 -15.043 -4.58211 368.888 -0.0257439 -0.516002 -0.0208197 0.855947
0000000226.000000 -16.5289 -4.47614 369.327 -0.0270665 -0.603454 -0.0125088 0.79684
0000000227.000000 -18.1795 -4.36605 369.421 -0.0281192 -0.673963 -0.0241508 0.737834
0000000228.000000 -19.9156 -4.2286 369.342 -0.0235973 -0.717678 -0.0327526 0.695204
0000000229.000000 -21.7383 -4.09409 369.154 -0.0182752 -0.734006 -0.0341665 0.678037
0000000230.000000 -23.6314 -3.96914 368.962 -0.00803576 -0.736881 -0.0240174 0.675548
0000000231.000000 -25.6559 -3.88021 368.795 -0.0133496 -0.735626 -0.026348 0.676744
0000000232.000000 -27.7816 -3.77543 368.601 -0.00862482 -0.73344 -0.0293324 0.679066
0000000233.000000 -29.2687 -3.70135 368.492 -0.00672055 -0.730048 -0.0311304 0.682654
0000000234.000000 -30.8206 -3.61904 368.392 -0.00787305 -0.726552 -0.0355464 0.686146
0000000235.000000 -32.4401 -3.53058 368.297 -0.00869235 -0.726063 -0.0360777 0.686626
0000000236.000000 -35.0056 -3.36818 368.173 -0.0118031 -0.721986 -0.036351 0.690852
0000000237.000000 -37.7259 -3.18392 368.066 -0.017029 -0.719254 -0.0392095 0.693431
0000000238.000000 -40.5084 -2.99798 367.964 -0.013212 -0.717935 -0.0370897 0.694996
0000000239.000000 -43.3234 -2.82507 367.866 -0.0137169 -0.71825 -0.0375038 0.694638
0000000240.000000 -45.2192 -2.71233 367.788 -0.0143018 -0.718622 -0.037999 0.694215
0000000241.000000 -47.0313 -2.59995 367.708 -0.0140173 -0.718868 -0.0378332 0.693975
0000000242.000000 -48.8391 -2.48889 367.638 -0.0137533 -0.719098 -0.0376895 0.693749
0000000243.000000 -50.6364 -2.38084 367.56 -0.013517 -0.719288 -0.0375768 0.693563
0000000244.000000 -52.4412 -2.26062 367.466 -0.0151687 -0.721932 -0.0401994 0.690629
0000000245.000000 -54.2346 -2.14338 367.359 -0.0128834 -0.724285 -0.0426148 0.688062
0000000246.000000 -56.0058 -2.02808 367.247 -0.012635 -0.724089 -0.0425138 0.688279
0000000247.000000 -58.6962 -1.84605 367.094 -0.013356 -0.723187 -0.0430704 0.689179
0000000248.000000 -61.3475 -1.66251 366.944 -0.0136921 -0.722588 -0.0431987 0.689792
0000000249.000000 -63.115 -1.53795 366.857 -0.0137695 -0.7222 -0.0430413 0.690207
0000000250.000000 -65.7717 -1.35119 366.751 -0.0142382 -0.716867 -0.0440979 0.695668
0000000251.000000 -68.3977 -1.17092 366.693 -0.0127978 -0.711838 -0.0418097 0.700982
0000000252.000000 -70.9797 -1.00259 366.688 -0.0106573 -0.70777 -0.0404051 0.705206
0000000253.000000 -73.5701 -0.847809 366.692 -0.0118756 -0.703466 -0.0420073 0.709387
0000000254.000000 -76.0867 -0.696964 366.724 -0.0142463 -0.700409 -0.0398645 0.712485
0000000255.000000 -78.4375 -0.562932 366.769 -0.0150071 -0.700283 -0.0408223 0.712539
0000000256.000000 -80.6102 -0.434448 366.801 -0.0179762 -0.700977 -0.038476 0.711918
0000000257.000000 -82.5964 -0.309212 366.803 -0.022821 -0.705629 -0.0388376 0.707149
0000000258.000000 -85.0269 -0.13742 366.764 -0.0226213 -0.714974 -0.0365197 0.69783
0000000259.000000 -87.9806 0.0668189 366.572 -0.0194092 -0.72642 -0.0336629 0.686151
0000000260.000000 -90.9546 0.257774 366.33 -0.0149469 -0.735487 -0.0306933 0.676678
0000000261.000000 -94.0597 0.42655 365.995 -0.0106084 -0.739657 -0.0325231 0.672115
0000000262.000000 -96.7104 0.587402 365.724 -0.0133016 -0.739425 -0.0372611 0.672076
0000000263.000000 -98.866 0.755398 365.528 -0.0192743 -0.73745 -0.049203 0.673331
0000000264.000000 -100.341 0.868276 365.388 -0.00853333 -0.735813 -0.0426404 0.675787
0000000265.000000 -101.886 1.00848 365.264 -0.01059 -0.734053 -0.0451104 0.677509
0000000266.000000 -103.482 1.13074 365.145 -0.0190213 -0.731382 -0.0527959 0.679655
0000000267.000000 -105.925 1.33959 364.975 -0.00480327 -0.72879 -0.0399176 0.683556
0000000268.000000 -107.656 1.45591 364.844 -0.00545685 -0.724904 -0.049358 0.687058
0000000269.000000 -109.435 1.57545 364.751 -0.00120939 -0.720089 -0.0492072 0.692134
0000000270.000000 -111.256 1.68168 364.701 0.00318052 -0.714961 -0.0376846 0.698141
0000000271.000000 -113.157 1.78679 364.692 -0.00525639 -0.709435 -0.0412009 0.703546
0000000272.000000 -115.09 1.90687 364.697 -0.0107291 -0.704808 -0.0437481 0.707966
0000000273.000000 -117.059 2.03843 364.718 -0.00844956 -0.702134 -0.0397918 0.710882
0000000274.000000 -119.054 2.16487 364.747 -0.00809496 -0.701681 -0.0395258 0.711348
0000000275.000000 -121.065 2.28328 364.762 -0.00791936 -0.701471 -0.0394266 0.711563
0000000276.000000 -123.077 2.39764 364.772 -0.00791614 -0.701519 -0.0394886 0.711512
0000000277.000000 -126.058 2.54275 364.801 -0.0066133 -0.705887 -0.029568 0.707677
0000000278.000000 -129.034 2.67813 364.784 -0.0124675 -0.709661 -0.0341735 0.703604
0000000279.000000 -130.957 2.78036 364.734 -0.00784605 -0.713798 -0.0352489 0.69942
0000000280.000000 -132.878 2.87543 364.68 -0.00829627 -0.715129 -0.0356557 0.698033
0000000281.000000 -134.79 2.97873 364.62 -0.0132033 -0.716686 -0.0363797 0.696322
0000000282.000000 -136.691 3.09975 364.554 -0.0176185 -0.718102 -0.0391322 0.694613
0000000283.000000 -138.575 3.21947 364.465 -0.0123206 -0.718865 -0.0367469 0.694068
0000000284.000000 -139.505 3.27844 364.423 -0.0113691 -0.71634 -0.0359026 0.696734
0000000285.000000 -141.415 3.38913 364.359 -0.0115867 -0.715836 -0.0361278 0.697237
0000000286.000000 -143.318 3.49601 364.301 -0.0117787 -0.715578 -0.036315 0.697489
0000000287.000000 -145.204 3.60176 364.246 -0.011945 -0.715562 -0.0364647 0.697494
0000000288.000000 -147.068 3.70103 364.183 -0.0120838 -0.715789 -0.0365762 0.697253
0000000289.000000 -148.921 3.79739 364.139 -0.0121941 -0.716253 -0.0366501 0.696771
0000000290.000000 -151.698 3.95625 364.062 -0.0122672 -0.717071 -0.0366693 0.695926
0000000291.000000 -154.397 4.11931 363.984 -0.0162841 -0.716975 -0.038936 0.69582
0000000292.000000 -157.048 4.28494 363.91 -0.0162654 -0.717841 -0.0384115 0.694956
0000000293.000000 -159.534 4.43891 363.824 -0.0163617 -0.717881 -0.038045 0.694933
0000000294.000000 -161.84 4.57336 363.75 -0.0172805 -0.71732 -0.0330619 0.695745
0000000295.000000 -163.285 4.64905 363.705 -0.0232801 -0.716961 -0.0348225 0.695853
0000000296.000000 -165.276 4.76119 363.626 -0.0155946 -0.718192 -0.0291901 0.695057
0000000297.000000 -167.093 4.85379 363.522 -0.0152563 -0.722305 -0.0343801 0.690551
0000000298.000000 -168.831 4.95589 363.426 -0.0176797 -0.731482 -0.0341327 0.680776
0000000299.000000 -170.956 5.08013 363.092 -0.0189104 -0.762854 -0.0304662 0.645576
0000000300.000000 -172.933 5.20104 362.447 -0.0228416 -0.815388 -0.0287053 0.577752
0000000301.000000 -174.977 5.35208 361.133 0.0268348 0.890849 0.0298359 -0.452524
0000000302.000000 -176.299 5.50209 359.56 0.0282133 0.944253 0.0302564 -0.326613
0000000303.000000 -176.782 5.58914 358.578 0.026291 0.964319 0.0310639 -0.261597
0000000304.000000 -177.342 5.6912 357.004 0.0327638 0.985669 0.0314669 -0.162458
0000000305.000000 -177.638 5.79176 355.262 0.0316324 0.995592 0.0294805 -0.0832301
0000000306.000000 -177.712 5.86007 354.021 0.0279278 0.997895 0.0295583 -0.0505233
0000000307.000000 -177.772 5.9277 352.746 0.0291299 0.998656 0.029435 -0.031154
0000000308.000000 -177.811 6.01526 350.787 0.0343865 0.9992 0.0181603 -0.009352
0000000309.000000 -177.754 6.08342 348.702 0.0320585 0.999282 0.0169624 0.0109857
0000000310.000000 -177.654 6.14836 346.503 0.0294869 0.999227 0.0160536 0.0204732
0000000311.000000 -177.528 6.21417 344.164 0.0293432 0.999057 0.0166329 0.0273562
0000000312.000000 -177.334 6.28909 341.717 0.025933 0.99888 0.0193174 0.0345278
0000000313.000000 -177.191 6.33681 340.029 0.0241229 0.998866 0.0164841 0.0375857
0000000314.000000 -177.042 6.37725 338.3 0.0241229 0.998866 0.0164841 0.0375857
0000000315.000000 -176.901 6.42642 336.505 0.0241229 0.998866 0.0164841 0.0375857
0000000316.000000 -176.828 6.44582 335.599 0.0241229 0.998866 0.0164841 0.0375857
0000000317.000000 -176.753 6.46836 334.683 0.0241229 0.998866 0.0164841 0.0375857
0000000318.000000 -176.683 6.49605 333.761 0.0241229 0.998866 0.0164841 0.0375857
0000000319.000000 -176.604 6.50957 332.832 0.0241229 0.998866 0.0164841 0.0375857
0000000320.000000 -176.458 6.55757 330.967 0.024433 0.998867 0.0205783 0.0352751
0000000321.000000 -176.253 6.64988 328.183 0.0226395 0.998916 0.0251367 0.0319725
0000000322.000000 -176.13 6.72019 326.307 0.0226395 0.998916 0.0251367 0.0319725
0000000323.000000 -176.006 6.79366 324.443 0.0226395 0.998916 0.0251367 0.0319725
0000000324.000000 -175.896 6.85948 322.582 0.0226395 0.998916 0.0251367 0.0319725
0000000325.000000 -175.756 6.93085 320.732 0.0185498 0.999092 0.0237666 0.0300897
0000000326.000000 -175.633 7.00288 318.868 0.0185498 0.999092 0.0237666 0.0300897
0000000327.000000 -175.498 7.07759 316.975 0.0185498 0.999092 0.0237666 0.0300897
0000000328.000000 -175.407 7.1535 315.057 0.0252687 0.999053 0.0222078 0.0275919
0000000329.000000 -175.298 7.22781 313.137 0.0252687 0.999053 0.0222078 0.0275919
0000000330.000000 -175.186 7.29628 311.221 0.0268209 0.998893 0.0271554 0.0274822
0000000331.000000 -174.992 7.38915 308.399 0.0229416 0.999136 0.0186408 0.02923
0000000332.000000 -174.87 7.43231 306.506 0.0229416 0.999136 0.0186408 0.02923
0000000333.000000 -174.748 7.4805 304.618 0.0229416 0.999136 0.0186408 0.02923
0000000334.000000 -174.634 7.51975 302.75 0.0229416 0.999136 0.0186408 0.02923
0000000335.000000 -174.526 7.56077 300.896 0.0229416 0.999136 0.0186408 0.02923
0000000336.000000 -174.421 7.60633 299.043 0.0229416 0.999136 0.0186408 0.02923
0000000337.000000 -174.299 7.65957 297.177 0.0229416 0.999136 0.0186408 0.02923
0000000338.000000 -174.19 7.70544 295.332 0.0229416 0.999136 0.0186408 0.02923
0000000339.000000 -174.014 7.77305 292.543 0.0286717 0.99887 0.0176576 0.0335355
0000000340.000000 -173.778 7.82913 289.775 0.0261882 0.998757 0.0150748 0.0396505
0000000341.000000 -173.613 7.86793 287.9 0.0259309 0.998628 0.02002 0.0408461
0000000342.000000 -173.452 7.92453 286 0.0259309 0.998628 0.02002 0.0408461
0000000343.000000 -173.296 7.97247 284.133 0.0304699 0.998576 0.0146694 0.0412538
0000000344.000000 -173.137 8.01352 282.231 0.0290222 0.998505 0.020994 0.0412768
0000000345.000000 -172.896 8.1071 279.348 0.0290222 0.998505 0.020994 0.0412768
0000000346.000000 -172.732 8.16663 277.422 0.0290222 0.998505 0.020994 0.0412768
0000000347.000000 -172.585 8.23172 275.465 0.0309207 0.998443 0.0251741 0.0390173
