0000000001.000000 -91.0865 0.60522 220.054 0.0079004 0.29133 0.0119687 0.956515
0000000002.000000 -90.4483 0.577646 221.445 0.00807643 0.222073 0.00838905 0.97496
0000000003.000000 -89.785 0.522815 223.855 -1.33726e-05 0.137097 -0.00926335 0.990514
0000000004.000000 -89.1017 0.473847 226.846 0.000653679 0.118762 -0.0175611 0.992767
0000000005.000000 -88.2051 0.416009 229.641 -0.00352943 0.176307 -0.0115344 0.984261
0000000006.000000 -86.5691 0.376428 231.979 0.00267682 0.347161 -0.00764453 0.937771
0000000007.000000 -84.9563 0.342488 233.003 0.00274168 0.483045 0.0056601 0.875573
0000000008.000000 -83.9316 0.350282 233.396 0.00314821 0.546993 0.00362638 0.837123
0000000009.000000 -82.3861 0.340053 233.769 -0.000391808 0.615283 0.00642565 0.78828
0000000010.000000 -80.6564 0.328972 233.978 0.00488912 0.656657 0.00523096 0.754156
0000000011.000000 -78.6657 0.312071 234.144 0.00874757 0.679626 0.00063722 0.733506
0000000012.000000 -76.9864 0.291499 234.219 0.0102956 0.687808 0.00545722 0.725799
0000000013.000000 -75.1703 0.268507 234.316 0.0102956 0.687808 0.00545722 0.725799
0000000014.000000 -72.5176 0.238534 234.453 0.0114331 0.690655 0.00294646 0.723088
0000000015.000000 -69.6119 0.19331 234.579 0.0110513 0.694093 0.000844932 0.7198
0000000016.000000 -67.2956 0.141154 234.657 0.0110513 0.694093 0.000844932 0.7198
0000000017.000000 -64.0987 0.0670687 234.746 0.0126095 0.697041 0.00290263 0.716915
0000000018.000000 -62.4644 0.0226945 234.796 0.0126095 0.697041 0.00290263 0.716915
0000000019.000000 -59.9438 -0.0385803 234.872 0.0135091 0.698925 -0.00124938 0.715067
0000000020.000000 -57.3407 -0.1108 234.938 0.0135091 0.698925 -0.00124938 0.715067
0000000021.000000 -54.7052 -0.188106 235.006 0.0150724 0.695566 0.00277755 0.718299
0000000022.000000 -52.0721 -0.276016 235.123 0.0165398 0.692564 0.000192031 0.721167
0000000023.000000 -50.3206 -0.341592 235.202 0.0165398 0.692564 0.000192031 0.721167
0000000024.000000 -48.5689 -0.400418 235.287 0.0165398 0.692564 0.000192031 0.721167
0000000025.000000 -45.9618 -0.48481 235.41 0.0142555 0.690584 0.00463035 0.723096
0000000026.000000 -43.4197 -0.571454 235.544 0.0214404 0.689536 -0.0019665 0.723931
0000000027.000000 -40.8839 -0.667865 235.666 0.014855 0.690038 0.00470886 0.723605
0000000028.000000 -38.4012 -0.749809 235.783 0.02029 0.689515 0.00440968 0.723973
0000000029.000000 -36.7519 -0.811902 235.876 0.02029 0.689515 0.00440968 0.723973
0000000030.000000 -34.3541 -0.904825 235.994 0.02029 0.689515 0.00440968 0.723973
0000000031.000000 -31.197 -1.01681 236.169 0.02029 0.689515 0.00440968 0.723973
0000000032.000000 -28.1882 -1.13438 236.345 0.02029 0.689515 0.00440968 0.723973
0000000033.000000 -25.3677 -1.24573 236.519 0.0176403 0.689003 -0.000942814 0.724543
0000000034.000000 -23.3064 -1.32369 236.634 0.0176403 0.689003 -0.000942814 0.724543
0000000035.000000 -21.2991 -1.40659 236.724 0.0176403 0.689003 -0.000942814 0.724543
0000000036.000000 -19.4178 -1.49175 236.815 0.0195475 0.691488 -0.00314778 0.722116
0000000037.000000 -17.1637 -1.59742 236.895 0.0175087 0.697709 -0.00275919 0.716162
0000000038.000000 -14.7573 -1.71484 236.884 0.016834 0.711493 -0.00175036 0.702489
0000000039.000000 -12.7692 -1.79622 236.776 0.0161361 0.728479 -0.000372989 0.684878
0000000040.000000 -10.7211 -1.88264 236.48 0.0199357 0.756491 0.0074644 0.653658
0000000041.000000 -8.8897 -1.93924 235.925 0.0251075 0.805126 0.00788737 0.592519
0000000042.000000 -7.11718 -1.9931 234.945 0.027907 0.873206 0.00266036 0.486544
0000000043.000000 -6.09647 -2.0247 234.016 0.0225879 0.915805 0.000423978 0.400987
0000000044.000000 -5.38214 -2.03108 233.023 0.0242575 0.945587 0.00063195 0.324463
0000000045.000000 -4.96454 -2.03488 232.239 0.025426 0.963187 -0.00104311 0.267625
0000000046.000000 -4.46737 -2.05426 230.877 0.0252961 0.983108 0.00024249 0.181268
0000000047.000000 -4.20325 -2.04866 229.289 0.0291186 0.993789 0.00457278 0.107302
0000000048.000000 -4.01112 -2.03025 227.47 0.0285703 0.998036 0.00911054 0.0549954
0000000049.000000 -3.89846 -2.00011 225.484 0.0288471 0.999232 0.00943489 0.024803
0000000050.000000 -3.86587 -1.94471 222.49 0.0309805 0.999445 0.0122179 7.14164e-05
0000000051.000000 -3.89348 -1.89445 220.04 0.0321666 0.999382 0.0129679 -0.00577118
0000000052.000000 -3.91638 -1.85634 218.331 0.0321666 0.999382 0.0129679 -0.00577118
0000000053.000000 -3.93195 -1.79426 215.633 0.0321666 0.999382 0.0129679 -0.00577118
0000000054.000000 -3.94813 -1.75749 213.738 0.0321666 0.999382 0.0129679 -0.00577118
0000000055.000000 -3.96142 -1.71929 211.776 0.0321666 0.999382 0.0129679 -0.00577118
0000000056.000000 -3.9647 -1.68017 209.763 0.0321666 0.999382 0.0129679 -0.00577118
0000000057.000000 -3.96075 -1.63454 207.699 0.0321666 0.999382 0.0129679 -0.00577118
0000000058.000000 -3.96208 -1.59807 205.589 0.0321666 0.999382 0.0129679 -0.00577118
0000000059.000000 -3.97103 -1.55277 203.418 0.0321666 0.999382 0.0129679 -0.00577118
0000000060.000000 -3.98796 -1.50992 201.208 0.0321666 0.999382 0.0129679 -0.00577118
0000000061.000000 -4.00283 -1.47248 198.971 0.0321666 0.999382 0.0129679 -0.00577118
0000000062.000000 -4.01377 -1.43485 196.71 0.0321666 0.999382 0.0129679 -0.00577118
0000000063.000000 -4.03853 -1.39461 194.437 0.0321666 0.999382 0.0129679 -0.00577118
0000000064.000000 -4.06641 -1.35435 192.128 0.0321666 0.999382 0.0129679 -0.00577118
0000000065.000000 -4.08106 -1.31934 189.818 0.0321666 0.999382 0.0129679 -0.00577118
0000000066.000000 -4.10205 -1.27632 187.477 0.0321666 0.999382 0.0129679 -0.00577118
0000000067.000000 -4.12034 -1.23952 185.126 0.0321666 0.999382 0.0129679 -0.00577118
0000000068.000000 -4.15542 -1.20114 182.749 0.0321666 0.999382 0.0129679 -0.00577118
0000000069.000000 -4.18075 -1.15487 180.34 0.0321666 0.999382 0.0129679 -0.00577118
0000000070.000000 -4.20695 -1.109 177.912 0.0321666 0.999382 0.0129679 -0.00577118
0000000071.000000 -4.24663 -1.07043 175.459 0.0321666 0.999382 0.0129679 -0.00577118
0000000072.000000 -4.28351 -1.03534 172.97 0.0321666 0.999382 0.0129679 -0.00577118
0000000073.000000 -4.31807 -0.996059 170.464 0.0321666 0.999382 0.0129679 -0.00577118
0000000074.000000 -4.34194 -0.949008 167.905 0.0321666 0.999382 0.0129679 -0.00577118
0000000075.000000 -4.35988 -0.907624 165.352 0.0321666 0.999382 0.0129679 -0.00577118
0000000076.000000 -4.38855 -0.872003 162.792 0.0321666 0.999382 0.0129679 -0.00577118
0000000077.000000 -4.41699 -0.830065 160.203 0.0321666 0.999382 0.0129679 -0.00577118
0000000078.000000 -4.44475 -0.7859 157.614 0.0321666 0.999382 0.0129679 -0.00577118
0000000079.000000 -4.45884 -0.748303 155.023 0.0321666 0.999382 0.0129679 -0.00577118
0000000080.000000 -4.48548 -0.706309 152.417 0.0321666 0.999382 0.0129679 -0.00577118
0000000081.000000 -4.51552 -0.671576 149.789 0.0321666 0.999382 0.0129679 -0.00577118
0000000082.000000 -4.53474 -0.638973 147.179 0.0321666 0.999382 0.0129679 -0.00577118
0000000083.000000 -4.55695 -0.60411 144.573 0.0321666 0.999382 0.0129679 -0.00577118
0000000084.000000 -4.57572 -0.573164 141.989 0.0321666 0.999382 0.0129679 -0.00577118
0000000085.000000 -4.59503 -0.540604 139.405 0.0321666 0.999382 0.0129679 -0.00577118
0000000086.000000 -4.60564 -0.509509 136.843 0.0321666 0.999382 0.0129679 -0.00577118
0000000087.000000 -4.62442 -0.466323 134.298 0.0321666 0.999382 0.0129679 -0.00577118
0000000088.000000 -4.64392 -0.431902 131.743 0.0321666 0.999382 0.0129679 -0.00577118
0000000089.000000 -4.66402 -0.40331 129.198 0.0321666 0.999382 0.0129679 -0.00577118
0000000090.000000 -4.6911 -0.372915 126.672 0.0321666 0.999382 0.0129679 -0.00577118
0000000091.000000 -4.71428 -0.344013 124.175 0.0321666 0.999382 0.0129679 -0.00577118
0000000092.000000 -4.7324 -0.318418 121.7 0.0321666 0.999382 0.0129679 -0.00577118
0000000093.000000 -4.74949 -0.301766 119.284 0.0321666 0.999382 0.0129679 -0.00577118
0000000094.000000 -4.77462 -0.283094 116.932 0.0321666 0.999382 0.0129679 -0.00577118
0000000095.000000 -4.81243 -0.258337 113.513 0.0321666 0.999382 0.0129679 -0.00577118
0000000096.000000 -4.8357 -0.249952 111.35 0.0321666 0.999382 0.0129679 -0.00577118
0000000097.000000 -4.8866 -0.227627 108.238 0.0321666 0.999382 0.0129679 -0.00577118
0000000098.000000 -4.91041 -0.210709 106.254 0.0321666 0.999382 0.0129679 -0.00577118
0000000099.000000 -4.92576 -0.198691 104.381 0.0321666 0.999382 0.0129679 -0.00577118
0000000100.000000 -4.9517 -0.184162 101.768 0.0321666 0.999382 0.0129679 -0.00577118
0000000101.000000 -4.96397 -0.174354 100.153 0.0321666 0.999382 0.0129679 -0.00577118
0000000102.000000 -4.99286 -0.161891 97.8922 0.037454 0.99921 0.0132788 0.000283083
0000000103.000000 -4.96051 -0.155227 96.4958 0.0408705 0.998961 0.0135923 0.0149238
0000000104.000000 -4.67902 -0.15534 93.9977 0.0438152 0.996482 0.0125978 0.0703284
0000000105.000000 -4.23789 -0.16925 92.3248 0.0381358 0.990864 0.0104478 0.12894
0000000106.000000 -3.577 -0.186494 90.8304 0.0277434 0.97963 0.0094457 0.19866
0000000107.000000 -2.40091 -0.199779 89.0844 0.0130563 0.952664 0.0102871 0.303569
0000000108.000000 -0.923332 -0.212895 87.663 0.0123551 0.908993 0.0106351 0.416492
0000000109.000000 0.405134 -0.213952 86.902 0.0105726 0.86786 0.00866764 0.496621
0000000110.000000 2.33978 -0.247039 86.2677 0.0108283 0.807987 0.00441207 0.589085
0000000111.000000 3.85695 -0.266306 86.0346 0.00646753 0.770711 -0.000468362 0.637151
0000000112.000000 5.41296 -0.317558 85.8744 0.0105005 0.74742 -0.00385739 0.664258
0000000113.000000 7.04918 -0.352547 85.7391 0.0138354 0.735541 -0.00439531 0.677325
0000000114.000000 8.7767 -0.402544 85.6252 0.011284 0.731281 -0.00178448 0.68198
0000000115.000000 10.6305 -0.450697 85.4916 0.015281 0.730723 0.000439539 0.682502
0000000116.000000 11.9409 -0.482651 85.3998 0.015281 0.730723 0.000439539 0.682502
0000000117.000000 14.0177 -0.533241 85.2453 0.0188255 0.729874 0.00425892 0.683309
0000000118.000000 16.2456 -0.584332 85.1008 0.0226738 0.725295 0.00783532 0.68802
0000000119.000000 18.5924 -0.635863 85.0268 0.024376 0.716603 0.011369 0.696962
0000000120.000000 21.0561 -0.688949 85.0496 0.0223237 0.705343 0.00922872 0.708454
0000000121.000000 23.6256 -0.763629 85.1393 0.0215441 0.694634 0.000633969 0.719041
0000000122.000000 26.2261 -0.86663 85.2839 0.015271 0.691873 -0.00261036 0.721853
0000000123.000000 28.7951 -0.965407 85.3879 0.0123839 0.696293 -0.0074213 0.717613
0000000124.000000 31.3582 -1.07068 85.4197 0.00967035 0.707083 -0.00800984 0.70702
0000000125.000000 33.8891 -1.16658 85.3603 0.0109952 0.720105 -0.00701965 0.693742
0000000126.000000 35.568 -1.22543 85.2683 0.0120852 0.729442 -0.0051933 0.683916
0000000127.000000 37.2302 -1.28116 85.1326 0.0126874 0.738309 -0.00275326 0.674338
0000000128.000000 38.9034 -1.33916 84.9546 0.0145122 0.742661 -0.00227437 0.669506
0000000129.000000 40.5793 -1.3955 84.7696 0.0145122 0.742661 -0.00227437 0.669506
0000000130.000000 42.3013 -1.44932 84.5931 0.0145122 0.742661 -0.00227437 0.669506
0000000131.000000 44.9367 -1.52042 84.3547 0.0145122 0.742661 -0.00227437 0.669506
0000000132.000000 46.7243 -1.57799 84.1917 0.0145122 0.742661 -0.00227437 0.669506
0000000133.000000 48.5033 -1.63487 84.0101 0.0145122 0.742661 -0.00227437 0.669506
0000000134.000000 51.1629 -1.73061 83.7311 0.00951787 0.749565 -0.00823249 0.661811
0000000135.000000 53.7945 -1.83384 83.3493 0.00933059 0.765529 -0.0142292 0.643176
0000000136.000000 55.5467 -1.90302 82.9794 0.00864203 0.77848 -0.00955492 0.627538
0000000137.000000 58.0963 -2.00316 82.2963 0.0128547 0.798215 -0.00602511 0.602206
0000000138.000000 59.7541 -2.07323 81.7572 0.0148078 0.810195 -0.00225548 0.585969
0000000139.000000 62.1871 -2.15082 80.8388 0.0181883 0.82319 0.00123014 0.567474
0000000140.000000 63.824 -2.17942 80.186 0.0124338 0.828119 0.0101451 0.560322
0000000141.000000 66.2911 -2.20666 79.1877 0.0186611 0.830137 0.00521397 0.557222
0000000142.000000 68.7701 -2.27858 78.1821 0.0186611 0.830137 0.00521397 0.557222
0000000143.000000 70.4596 -2.30815 77.4763 0.0162057 0.832085 0.00953462 0.554329
0000000144.000000 72.1618 -2.33154 76.7494 0.0155036 0.836488 0.0103645 0.547668
0000000145.000000 73.8559 -2.34897 75.9717 0.0174353 0.843697 0.008641 0.536466
0000000146.000000 75.5522 -2.38003 75.1235 0.0191531 0.851654 0.00599781 0.523721
0000000147.000000 78.0857 -2.44334 73.7585 0.0234805 0.860265 0.00257797 0.509299
0000000148.000000 79.8071 -2.48679 72.8035 0.0222898 0.862314 0.00642703 0.505843
0000000149.000000 81.5319 -2.52645 71.8333 0.0222898 0.862314 0.00642703 0.505843
0000000150.000000 83.2604 -2.56971 70.8681 0.0222898 0.862314 0.00642703 0.505843
0000000151.000000 84.9713 -2.61501 69.9287 0.0222898 0.862314 0.00642703 0.505843
0000000152.000000 86.6916 -2.66633 68.9774 0.0185576 0.865658 0.00438689 0.500273
0000000153.000000 89.1761 -2.72584 67.4959 0.0135755 0.87403 0.00595694 0.485646
0000000154.000000 91.561 -2.77663 65.9277 0.0115193 0.884112 0.00544168 0.467101
0000000155.000000 93.8562 -2.8288 64.2617 0.0115655 0.894562 0.00306518 0.446783
0000000156.000000 95.3277 -2.86245 63.1035 0.0111452 0.901166 0.00483401 0.433304
0000000157.000000 96.7438 -2.8887 61.9133 0.0128908 0.906968 0.00592613 0.420961
0000000158.000000 98.1223 -2.91023 60.7002 0.016415 0.910707 0.00770447 0.412655
0000000159.000000 99.4688 -2.93519 59.5007 0.0186271 0.912396 0.00898332 0.408787
0000000160.000000 100.783 -2.9589 58.3257 0.0186271 0.912396 0.00898332 0.408787
0000000161.000000 102.061 -2.97703 57.2122 0.0186271 0.912396 0.00898332 0.408787
0000000162.000000 103.265 -3.00438 56.1656 0.0200846 0.909686 0.00978988 0.414695
0000000163.000000 104.426 -3.03367 55.198 0.0196705 0.907077 0.0101535 0.420382
0000000164.000000 106.051 -3.06451 53.8622 0.0197355 0.904354 0.00952251 0.426221
0000000165.000000 108.143 -3.12094 52.1133 0.0254647 0.906454 0.00492822 0.421508
0000000166.000000 110.17 -3.16467 50.3636 0.0184155 0.91112 0.0134607 0.41151
0000000167.000000 112.18 -3.18181 48.5811 0.0181094 0.913966 0.00543245 0.40535
0000000168.000000 113.741 -3.21327 47.1688 0.0181094 0.913966 0.00543245 0.40535
0000000169.000000 115.379 -3.22156 45.7042 0.0157926 0.911107 0.0138851 0.411633
0000000170.000000 117.109 -3.21764 44.2759 0.0130491 0.905821 0.0108675 0.42332
0000000171.000000 118.334 -3.22584 43.321 0.00691372 0.902807 0.00825648 0.429912
0000000172.000000 119.587 -3.22534 42.3627 0.00182829 0.901259 -0.00236084 0.43327
0000000173.000000 120.876 -3.24367 41.3809 -0.00165192 0.900248 -0.00596009 0.435334
0000000174.000000 122.201 -3.26372 40.3477 -0.00165192 0.900248 -0.00596009 0.435334
0000000175.000000 123.564 -3.29185 39.272 -0.00165192 0.900248 -0.00596009 0.435334
0000000176.000000 124.96 -3.32325 38.1809 -0.00165192 0.900248 -0.00596009 0.435334
0000000177.000000 126.366 -3.34717 37.0398 -0.00165192 0.900248 -0.00596009 0.435334
0000000178.000000 127.842 -3.3749 35.8933 -0.00165192 0.900248 -0.00596009 0.435334
0000000179.000000 130.093 -3.42338 34.1162 -0.00519066 0.901385 -0.00255558 0.43298
0000000180.000000 133.126 -3.44827 31.715 -0.0107368 0.901957 -0.00411275 0.431673
0000000181.000000 134.641 -3.46742 30.5275 -0.0107368 0.901957 -0.00411275 0.431673
0000000182.000000 136.911 -3.50362 28.7175 -0.00345296 0.899642 -0.000871581 0.436613
0000000183.000000 138.429 -3.51792 27.5166 0.00524079 0.898187 0.00226134 0.439577
0000000184.000000 139.936 -3.54335 26.3707 0.00524079 0.898187 0.00226134 0.439577
0000000185.000000 141.442 -3.56713 25.2143 3.82582e-05 0.898647 0.00429208 0.438651
0000000186.000000 142.948 -3.57517 24.0502 3.82582e-05 0.898647 0.00429208 0.438651
0000000187.000000 144.427 -3.58463 22.9168 3.82582e-05 0.898647 0.00429208 0.438651
0000000188.000000 145.906 -3.59822 21.7754 0.00102274 0.899659 -0.00190583 0.436587
0000000189.000000 147.382 -3.61822 20.6176 0.0019828 0.900118 0.00272843 0.435632
0000000190.000000 148.838 -3.62945 19.4731 0.0019828 0.900118 0.00272843 0.435632
0000000191.000000 150.267 -3.6473 18.3521 0.00302916 0.899617 -0.00272028 0.43666
0000000192.000000 151.681 -3.68115 17.258 0.00302916 0.899617 -0.00272028 0.43666
0000000193.000000 153.718 -3.73998 15.6567 0.00302916 0.899617 -0.00272028 0.43666
0000000194.000000 155.627 -3.80227 14.1332 0.00798132 0.902298 -0.00208849 0.431034
0000000195.000000 157.391 -3.84818 12.6998 0.00506046 0.9058 0.00432734 0.423654
0000000196.000000 158.435 -3.87199 11.8094 0.0116461 0.907053 -0.00257248 0.420848
0000000197.000000 159.866 -3.91947 10.5879 0.0203154 0.904809 0.00290507 0.425323
0000000198.000000 161.254 -3.98092 9.52103 0.0303683 0.889886 0.00778018 0.455105
0000000199.000000 163.242 -4.04921 8.45235 0.0300933 0.849415 0.00753497 0.526813
0000000200.000000 165.337 -4.1499 7.76418 0.0349088 0.800665 -0.000350601 0.598094
0000000201.000000 167.061 -4.22819 7.49946 0.0278021 0.763122 -0.000499146 0.645656
0000000202.000000 168.856 -4.29958 7.38997 0.0192219 0.73439 -0.0022138 0.678452
0000000203.000000 170.713 -4.37956 7.37327 0.00824148 0.721345 -0.0113883 0.692433
0000000204.000000 172.64 -4.44538 7.31629 0.00653148 0.719956 -0.0150896 0.693825
0000000205.000000 174.624 -4.52533 7.22873 0.004808 0.724653 -0.0134118 0.688967
0000000206.000000 177.343 -4.64378 7.05374 0.0118091 0.733183 -0.0205946 0.679617
0000000207.000000 179.479 -4.74645 6.88165 0.0036629 0.74007 -0.0186171 0.672262
0000000208.000000 181.643 -4.84543 6.65359 0.00928677 0.743557 -0.0189384 0.66834
0000000209.000000 183.121 -4.91076 6.5064 0.00928677 0.743557 -0.0189384 0.66834
0000000210.000000 184.619 -4.98017 6.35973 0.00928677 0.743557 -0.0189384 0.66834
0000000211.000000 186.128 -5.0597 6.20569 0.00928677 0.743557 -0.0189384 0.66834
0000000212.000000 186.889 -5.09422 6.13305 0.00928677 0.743557 -0.0189384 0.66834
0000000213.000000 188.427 -5.16678 5.99426 0.00928677 0.743557 -0.0189384 0.66834
0000000214.000000 189.957 -5.25407 5.83514 0.0137701 0.743097 -0.0191199 0.668769
0000000215.000000 191.489 -5.33137 5.68216 0.0131853 0.743166 -0.0235356 0.668563
0000000216.000000 193.063 -5.42697 5.52201 0.0131853 0.743166 -0.0235356 0.668563
0000000217.000000 194.615 -5.5246 5.36029 0.0138301 0.744075 -0.0277359 0.667377
0000000218.000000 196.204 -5.62719 5.19294 0.0138301 0.744075 -0.0277359 0.667377
0000000219.000000 198.637 -5.80085 4.91694 0.0155464 0.746075 -0.0244753 0.66523
0000000220.000000 201.083 -5.9561 4.62514 0.0159989 0.74637 -0.0179277 0.665097
0000000221.000000 203.577 -6.10488 4.33989 0.0206635 0.745674 -0.0154435 0.665812
0000000222.000000 205.251 -6.20638 4.16981 0.0206635 0.745674 -0.0154435 0.665812
0000000223.000000 206.916 -6.30748 3.99666 0.0206635 0.745674 -0.0154435 0.665812
0000000224.000000 208.564 -6.42305 3.83009 0.0259403 0.744528 -0.0225329 0.666707
0000000225.000000 210.23 -6.54089 3.66571 0.0200331 0.743692 -0.0206902 0.667901
0000000226.000000 212.753 -6.69772 3.40941 0.0200331 0.743692 -0.0206902 0.667901
0000000227.000000 215.269 -6.8692 3.15396 0.0200331 0.743692 -0.0206902 0.667901
0000000228.000000 217.831 -7.04004 2.8777 0.0217155 0.743885 -0.0163808 0.667754
0000000229.000000 220.394 -7.20754 2.59731 0.0268077 0.742785 -0.0156516 0.66881
0000000230.000000 223.037 -7.3764 2.335 0.0268077 0.742785 -0.0156516 0.66881
0000000231.000000 225.69 -7.56736 2.07562 0.0235837 0.743471 -0.0195388 0.668066
0000000232.000000 227.488 -7.6805 1.88426 0.0235837 0.743471 -0.0195388 0.668066
0000000233.000000 230.146 -7.87946 1.58887 0.0298485 0.744814 -0.0187157 0.666341
0000000234.000000 232.816 -8.09294 1.31486 0.0216039 0.746616 -0.0165618 0.664699
0000000235.000000 234.595 -8.21392 1.11891 0.0216039 0.746616 -0.0165618 0.664699
0000000236.000000 236.363 -8.34531 0.927662 0.0251294 0.746638 -0.0213736 0.664412
0000000237.000000 238.129 -8.48299 0.720629 0.0251294 0.746638 -0.0213736 0.664412
0000000238.000000 239.898 -8.62367 0.530534 0.0251294 0.746638 -0.0213736 0.664412
0000000239.000000 241.637 -8.7647 0.345164 0.0286939 0.745234 -0.0251416 0.66571
0000000240.000000 243.374 -8.91227 0.162305 0.0249853 0.743969 -0.0196302 0.667459
0000000241.000000 245.089 -9.04699 -0.014454 0.0283519 0.742567 -0.0237399 0.66875
0000000242.000000 246.811 -9.19424 -0.193907 0.0283519 0.742567 -0.0237399 0.66875
0000000243.000000 249.322 -9.40017 -0.417624 0.0244851 0.740872 -0.0204202 0.670889
0000000244.000000 250.952 -9.54041 -0.575146 0.0244851 0.740872 -0.0204202 0.670889
0000000245.000000 252.52 -9.65884 -0.724744 0.0244851 0.740872 -0.0204202 0.670889
0000000246.000000 254.063 -9.78008 -0.869782 0.0201094 0.741234 -0.0171218 0.670726
0000000247.000000 255.52 -9.89153 -1.01077 0.0228134 0.741385 -0.0210306 0.670363
0000000248.000000 256.931 -9.99914 -1.15203 0.0228134 0.741385 -0.0210306 0.670363
0000000249.000000 258.318 -10.1009 -1.30058 0.0238955 0.744109 -0.0187658 0.667367
0000000250.000000 259.643 -10.2067 -1.45831 0.0244124 0.74918 -0.0195137 0.661629
0000000251.000000 260.908 -10.3012 -1.64806 0.0257067 0.75614 -0.0188917 0.653632
0000000252.000000 262.145 -10.3894 -1.86457 0.0269518 0.764166 -0.0134002 0.644316
0000000253.000000 263.308 -10.4754 -2.11539 0.0264669 0.771562 -0.00672483 0.635567
0000000254.000000 264.403 -10.5483 -2.37041 0.0290551 0.778378 -0.00301266 0.627116
0000000255.000000 266.344 -10.6646 -2.88491 0.0369873 0.790115 -0.000963561 0.611841
0000000256.000000 268.294 -10.7991 -3.44047 0.0406229 0.793533 0.0038029 0.607158
0000000257.000000 270.292 -10.9369 -3.83227 0.0428107 0.762532 -0.00270404 0.645526
0000000258.000000 271.819 -11.0368 -3.7382 0.0332344 0.694718 -0.00551556 0.718493
0000000259.000000 273.022 -11.1436 -3.31416 0.0261641 0.602795 -0.0162599 0.797301
0000000260.000000 274.029 -11.2284 -2.7091 0.0330147 0.501558 -0.0134356 0.86439
0000000261.000000 274.935 -11.3252 -1.66465 0.0285853 0.384913 -0.0241063 0.922195
0000000262.000000 275.532 -11.394 -0.612119 0.0199047 0.298143 -0.0297674 0.953849
0000000263.000000 276.044 -11.4557 0.61272 0.0169152 0.223979 -0.0392197 0.973658
0000000264.000000 276.671 -11.5448 2.56422 0.0167246 0.15832 -0.0456189 0.986192
0000000265.000000 277.091 -11.6183 4.28859 0.0155957 0.12161 -0.0456408 0.991405
0000000266.000000 277.404 -11.6994 6.20723 0.0177612 0.0862436 -0.0473535 0.99499
0000000267.000000 277.65 -11.7698 8.31576 0.0204789 0.0624907 -0.0527554 0.99644
0000000268.000000 277.868 -11.8694 10.6032 0.0119746 0.0467682 -0.0489547 0.997634
0000000269.000000 278.035 -11.9435 13.048 0.0151451 0.0408872 -0.054355 0.997569
0000000270.000000 278.159 -12.0115 14.7677 0.0151451 0.0408872 -0.054355 0.997569
0000000271.000000 278.301 -12.0813 16.5567 0.0151451 0.0408872 -0.054355 0.997569
0000000272.000000 278.46 -12.1451 18.4007 0.0101102 0.0437295 -0.0510799 0.997686
0000000273.000000 278.623 -12.2066 20.2699 0.0101102 0.0437295 -0.0510799 0.997686
0000000274.000000 278.794 -12.2791 22.1555 0.0148912 0.0463901 -0.04814 0.997652
0000000275.000000 278.975 -12.3576 24.0732 0.0148912 0.0463901 -0.04814 0.997652
0000000276.000000 279.164 -12.4314 26.0323 0.00733235 0.0476553 -0.043919 0.997871
0000000277.000000 279.429 -12.5161 28.9947 0.00733235 0.0476553 -0.043919 0.997871
0000000278.000000 279.686 -12.6088 31.9892 0.00733235 0.0476553 -0.043919 0.997871
0000000279.000000 279.934 -12.6777 35.0506 0.0047618 0.0472503 -0.0485809 0.99769
0000000280.000000 280.098 -12.7196 37.0852 -0.00162311 0.0466486 -0.0518387 0.997564
0000000281.000000 280.263 -12.7512 39.1013 -0.00162311 0.0466486 -0.0518387 0.997564
0000000282.000000 280.438 -12.7788 41.1214 -0.00162311 0.0466486 -0.0518387 0.997564
0000000283.000000 280.617 -12.8097 43.1225 0.0032617 0.047068 -0.0499246 0.997638
0000000284.000000 280.797 -12.8423 45.1491 -0.00187612 0.0487488 -0.0521189 0.997449
0000000285.000000 281.078 -12.8897 48.1634 0.000845478 0.0522364 -0.056747 0.997021
0000000286.000000 281.382 -12.9202 51.1969 -0.00641968 0.056027 -0.0577477 0.996737
0000000287.000000 281.617 -12.9434 53.2322 3.05086e-05 0.05505 -0.0500064 0.997231
0000000288.000000 281.913 -12.9811 56.2757 -0.00571938 0.0513164 -0.0510374 0.997361
0000000289.000000 282.079 -13.0001 58.2962 0.000963798 0.0486086 -0.0551324 0.997295
0000000290.000000 282.255 -13.0369 60.3156 0.00481976 0.046224 -0.0560674 0.997345
0000000291.000000 282.425 -13.0819 62.3195 -0.00131407 0.045217 -0.0569484 0.997352
0000000292.000000 282.586 -13.1118 64.3293 -0.00131407 0.045217 -0.0569484 0.997352
0000000293.000000 282.753 -13.1406 66.3409 -0.00131407 0.045217 -0.0569484 0.997352
0000000294.000000 282.934 -13.1627 68.3571 -0.00131407 0.045217 -0.0569484 0.997352
0000000295.000000 283.197 -13.2278 71.3355 0.00570722 0.0464832 -0.0527066 0.997511
0000000296.000000 283.382 -13.2674 73.3702 -0.00458844 0.0484792 -0.050422 0.99754
0000000297.000000 283.571 -13.2869 75.3614 -0.00458844 0.0484792 -0.050422 0.99754
0000000298.000000 283.754 -13.3132 77.3428 0.00643872 0.0500688 -0.0515749 0.997392
0000000299.000000 283.956 -13.3577 79.3553 -0.00261058 0.053478 -0.0507278 0.997276
0000000300.000000 284.177 -13.3778 81.3593 -0.00727093 0.0567811 -0.0485599 0.997179
0000000301.000000 284.402 -13.396 83.3465 -0.00094383 0.060609 -0.0483843 0.996988
0000000302.000000 284.642 -13.4214 85.3418 -0.000282341 0.0663344 -0.0478636 0.996649
0000000303.000000 284.918 -13.4526 87.3196 -0.00214708 0.0728669 -0.0477293 0.996197
0000000304.000000 285.233 -13.4851 89.293 -0.00521913 0.0783236 -0.0421545 0.996023
0000000305.000000 285.716 -13.5135 92.2034 -0.00355003 0.0850881 -0.0412513 0.995513
0000000306.000000 286.04 -13.5416 94.1316 -0.000635597 0.0884717 -0.0436842 0.99512
0000000307.000000 286.361 -13.5734 96.0499 -0.000635597 0.0884717 -0.0436842 0.99512
0000000308.000000 286.861 -13.6334 98.9045 -0.0016608 0.0857184 -0.0357344 0.995677
0000000309.000000 287.166 -13.6603 100.784 -0.0016608 0.0857184 -0.0357344 0.995677
0000000310.000000 287.469 -13.695 102.639 0.00307688 0.0817626 -0.0346008 0.996046
0000000311.000000 287.767 -13.7383 104.479 0.00307688 0.0817626 -0.0346008 0.996046
0000000312.000000 288.093 -13.7753 106.316 -0.00462426 0.0805716 -0.0264202 0.996388
0000000313.000000 288.401 -13.7985 108.094 -0.00640159 0.0803088 -0.0196248 0.996556
0000000314.000000 288.689 -13.8103 109.821 0.000226951 0.0813214 -0.0201668 0.996484
0000000315.000000 288.968 -13.8305 111.521 0.000226951 0.0813214 -0.0201668 0.996484
0000000316.000000 289.387 -13.8762 113.958 -0.00198918 0.0896239 -0.0196849 0.995779
0000000317.000000 289.853 -13.9288 116.266 0.00166702 0.102279 -0.017979 0.994592
0000000318.000000 290.338 -13.9818 118.417 0.000516454 0.116833 -0.0225712 0.992895
0000000319.000000 290.811 -14.0382 120.329 0.00875183 0.130122 -0.0288709 0.991039
0000000320.000000 291.471 -14.1213 122.612 -0.0017241 0.139286 -0.0233163 0.989976
0000000321.000000 292.064 -14.1764 124.702 0.00708632 0.133438 -0.0224595 0.990777
0000000322.000000 292.623 -14.2376 127.351 -0.00183239 0.0898933 -0.017763 0.995791
0000000323.000000 292.744 -14.2649 129.983 0.004303 -0.00838434 -0.0168826 0.999813
0000000324.000000 292.139 -14.2712 132.613 -0.00566105 -0.143272 -0.0202724 0.989459
0000000325.000000 291.07 -14.2078 134.593 -0.0153988 -0.26058 -0.0229151 0.965057
0000000326.000000 289.917 -14.1282 135.909 -0.019909 -0.348256 -0.0300935 0.936705
0000000327.000000 288.494 -14.0109 137.092 -0.024151 -0.426247 -0.03058 0.903767
0000000328.000000 286.237 -13.8426 138.413 -0.0132732 -0.499634 -0.0321487 0.865538
0000000329.000000 284.337 -13.7267 139.363 -0.0180337 -0.519475 -0.041076 0.853307
0000000330.000000 282.357 -13.5755 140.346 -0.0148699 -0.521743 -0.0450176 0.851784
0000000331.000000 280.273 -13.4222 141.398 -0.0118487 -0.518945 -0.0469809 0.853433
0000000332.000000 278.116 -13.2734 142.504 -0.00497745 -0.514708 -0.0493648 0.855929
0000000333.000000 275.829 -13.13 143.73 -0.00644194 -0.509478 -0.0511355 0.858939
0000000334.000000 273.465 -12.9794 145.032 -0.00644194 -0.509478 -0.0511355 0.858939
0000000335.000000 270.994 -12.8123 146.378 -0.00644194 -0.509478 -0.0511355 0.858939
0000000336.000000 268.482 -12.6594 147.766 -0.00296394 -0.505695 -0.0487414 0.861329
0000000337.000000 265.956 -12.5338 149.184 -0.00281814 -0.498666 -0.0496726 0.865365
0000000338.000000 262.641 -12.3638 151.207 -0.00322425 -0.481501 -0.0488418 0.875078
0000000339.000000 259.424 -12.2055 153.371 -0.00862688 -0.463565 -0.0437117 0.884942
0000000340.000000 257.082 -12.0783 155.064 -0.0122335 -0.456486 -0.0365642 0.888895
0000000341.000000 254.734 -11.9426 156.756 -0.0171549 -0.459013 -0.0324843 0.88767
0000000342.000000 252.309 -11.7903 158.424 -0.0196992 -0.46788 -0.0293827 0.883084
0000000343.000000 250.662 -11.6901 159.501 -0.0180118 -0.475468 -0.0268599 0.879138
0000000344.000000 248.989 -11.5994 160.571 -0.0172883 -0.482162 -0.0220239 0.875634
0000000345.000000 247.302 -11.5092 161.619 -0.0256261 -0.489392 -0.0209871 0.871435
0000000346.000000 245.598 -11.4012 162.642 -0.0290685 -0.496156 -0.0176957 0.867566
0000000347.000000 243.873 -11.2949 163.636 -0.0291486 -0.502995 -0.0136727 0.863689
0000000348.000000 242.151 -11.197 164.583 -0.0289673 -0.508637 -0.0107568 0.860427
0000000349.000000 240.417 -11.0954 165.516 -0.0328991 -0.512889 -0.0111864 0.857751
0000000350.000000 238.674 -10.9867 166.422 -0.0328991 -0.512889 -0.0111864 0.857751
0000000351.000000 236.091 -10.8297 167.795 -0.0273418 -0.51374 -0.0116977 0.857431
0000000352.000000 233.517 -10.7054 169.172 -0.0273418 -0.51374 -0.0116977 0.857431
0000000353.000000 231.814 -10.6163 170.071 -0.0214042 -0.510996 -0.0137667 0.859206
0000000354.000000 230.132 -10.5381 170.98 -0.0238747 -0.5085 -0.018169 0.860539
0000000355.000000 227.659 -10.3966 172.352 -0.0289393 -0.507836 -0.0175464 0.860789
0000000356.000000 225.237 -10.258 173.675 -0.0289393 -0.507836 -0.0175464 0.860789
0000000357.000000 222.858 -10.103 174.962 -0.0289393 -0.507836 -0.0175464 0.860789
0000000358.000000 221.316 -10.0101 175.812 -0.0289393 -0.507836 -0.0175464 0.860789
0000000359.000000 219.104 -9.90311 177.021 -0.0224632 -0.510272 -0.00973272 0.859664
0000000360.000000 217.654 -9.83414 177.791 -0.0288185 -0.511787 -0.0154331 0.85849
0000000361.000000 216.283 -9.76952 178.521 -0.0288185 -0.511787 -0.0154331 0.85849
0000000362.000000 214.985 -9.70106 179.201 -0.0243503 -0.512834 -0.0163371 0.857987
0000000363.000000 213.74 -9.64064 179.854 -0.0243503 -0.512834 -0.0163371 0.857987
0000000364.000000 212.549 -9.57571 180.475 -0.0259322 -0.513937 -0.0209357 0.85718
0000000365.000000 211.445 -9.52673 181.064 -0.0259322 -0.513937 -0.0209357 0.85718
0000000366.000000 209.941 -9.44354 181.893 -0.0212389 -0.51265 -0.0204732 0.858091
0000000367.000000 208.232 -9.36944 182.854 -0.0231867 -0.504484 -0.0198406 0.862882
0000000368.000000 206.367 -9.27221 184.011 -0.0271858 -0.481241 -0.0249956 0.87581
0000000369.000000 204.817 -9.19024 185.177 -0.016821 -0.446414 -0.0221805 0.894393
0000000370.000000 203.261 -9.11672 186.483 -0.00342556 -0.416521 -0.0200058 0.9089
0000000371.000000 201.409 -9.04737 188.063 0.000214382 -0.413854 -0.0265308 0.909957
0000000372.000000 199.767 -8.98943 189.417 -0.0111705 -0.426992 -0.0288707 0.903725
0000000373.000000 198.358 -8.91327 190.499 -0.018427 -0.441905 -0.0287557 0.896411
0000000374.000000 196.811 -8.81229 191.605 -0.0160168 -0.457915 -0.0219099 0.888582
0000000375.000000 194.528 -8.69295 193.127 -0.019591 -0.478649 -0.0106616 0.877723
0000000376.000000 192.643 -8.59588 194.281 -0.0271189 -0.489204 -0.00989741 0.871692
0000000377.000000 191.335 -8.52044 195.071 -0.0324478 -0.49252 -0.00936973 0.869645
0000000378.000000 189.322 -8.3927 196.261 -0.0324478 -0.49252 -0.00936973 0.869645
0000000379.000000 187.218 -8.24602 197.494 -0.0298881 -0.493778 -0.0148804 0.868947
