0000000001.000000 117.042 -4.22426 213.324 -0.0276751 -0.721203 -0.0137863 0.692033
0000000002.000000 115.036 -4.18299 213.27 -0.0251729 -0.719378 -0.0095443 0.694097
0000000003.000000 113.233 -4.1208 213.269 -0.0261737 -0.717304 -0.00592795 0.696243
0000000004.000000 112.398 -4.08605 213.301 -0.0285021 -0.725415 -0.00638873 0.687692
0000000005.000000 110.384 -4.00404 213.144 -0.026652 -0.717403 -0.00625555 0.69612
0000000006.000000 108.476 -3.92111 213.144 -0.0251856 -0.721134 -0.00490372 0.692321
0000000007.000000 106.622 -3.88487 213.073 -0.0278274 -0.722205 -0.00418796 0.691107
0000000008.000000 104.752 -3.8164 212.959 -0.0309919 -0.721321 -0.00560135 0.691884
0000000009.000000 102.866 -3.77991 212.901 -0.0361841 -0.723325 -0.00961683 0.689492
0000000010.000000 100.988 -3.62938 212.746 -0.03122 -0.719615 -0.00845694 0.693619
0000000011.000000 99.2374 -3.55615 212.763 -0.0297662 -0.728294 -0.00547091 0.684597
0000000012.000000 97.4637 -3.55571 212.548 -0.0348309 -0.721804 -0.00734899 0.691181
0000000013.000000 95.8497 -3.47319 212.515 -0.0331486 -0.724169 -0.00873065 0.688771
0000000014.000000 94.2216 -3.38218 212.439 -0.0317737 -0.725492 -0.00813403 0.687448
0000000015.000000 92.6673 -3.33216 212.327 -0.0308365 -0.728794 -0.00820459 0.683989
0000000016.000000 90.558 -3.24414 212.115 -0.0279865 -0.720577 -0.00626554 0.692781
0000000017.000000 87.4141 -3.22435 212.235 -0.0169225 -0.68637 -0.000191992 0.727055
0000000018.000000 83.9515 -3.20935 212.858 -0.00473644 -0.616919 0.00122667 0.787012
0000000019.000000 80.8516 -3.30243 214.255 -0.0129929 -0.474111 -0.0182328 0.88018
0000000020.000000 79.2786 -3.1043 215.906 0.00337773 -0.366056 -0.00832505 0.930549
0000000021.000000 78.0737 -3.17469 217.875 0.0156493 -0.261867 -0.00288708 0.964973
0000000022.000000 77.2335 -3.24757 220.223 0.0135343 -0.157996 0.00644957 0.987326
0000000023.000000 76.8503 -3.33399 222.201 0.0190742 -0.083381 0.00495634 0.996323
0000000024.000000 76.7147 -3.43583 224.302 0.0293005 -0.0337466 0.0128913 0.998918
0000000025.000000 76.6898 -3.52365 225.788 0.0205158 -0.015188 0.0124766 0.999596
0000000026.000000 76.7089 -3.6306 228.06 0.00985528 -0.00170734 0.0168796 0.999808
0000000027.000000 76.7466 -3.73338 231.13 0.0147975 0.00295407 0.0222935 0.999638
0000000028.000000 76.771 -3.82732 233.539 0.0148429 0.00262402 0.0221998 0.99964
0000000029.000000 76.8106 -3.93962 236.019 0.0233314 0.000558587 0.0328025 0.999189
0000000030.000000 76.8254 -4.10029 239.441 0.013041 -0.00424498 0.0382618 0.999174
0000000031.000000 76.752 -4.21388 243.006 0.0114882 -0.00664039 0.0270221 0.999547
0000000032.000000 76.7109 -4.3175 245.757 0.0191615 -0.00698479 0.024494 0.999492
0000000033.000000 76.661 -4.43003 248.631 0.0114155 -0.00532015 0.019113 0.999738
0000000034.000000 76.6245 -4.51569 251.583 0.0114612 -0.00562475 0.0190182 0.999738
0000000035.000000 76.5899 -4.57214 253.601 0.0183467 -0.00621594 0.0204643 0.999603
0000000036.000000 76.5582 -4.65947 255.668 0.00820822 -0.00799835 0.0196038 0.999742
0000000037.000000 76.5135 -4.71817 257.748 0.00825352 -0.00829417 0.019508 0.999741
0000000038.000000 76.4783 -4.77539 259.857 0.0082988 -0.00858708 0.0194123 0.99974
0000000039.000000 76.3989 -4.85019 263.052 0.00834405 -0.00887561 0.0193166 0.999739
0000000040.000000 76.3495 -4.90936 265.186 0.00838928 -0.0091612 0.0192209 0.999738
0000000041.000000 76.2879 -5.01156 268.361 0.0136586 -0.00992056 0.0209348 0.999638
0000000042.000000 76.2456 -5.10117 270.471 0.0137033 -0.0101994 0.0208406 0.999637
0000000043.000000 76.1677 -5.22691 273.605 0.013748 -0.010474 0.0207466 0.999635
0000000044.000000 76.0988 -5.34726 276.727 0.0137928 -0.0107443 0.0206525 0.999634
0000000045.000000 76.0392 -5.43283 278.81 0.0138375 -0.0110117 0.0205586 0.999632
0000000046.000000 75.9905 -5.51115 280.898 0.0138823 -0.0112762 0.0204647 0.999631
0000000047.000000 75.9071 -5.64061 283.99 0.0139271 -0.0115365 0.0203708 0.999629
0000000048.000000 75.8153 -5.76671 287.069 0.0139719 -0.0117926 0.020277 0.999627
0000000049.000000 75.7473 -5.88204 290.125 0.0140168 -0.0120445 0.0201833 0.999625
0000000050.000000 75.6661 -6.0209 293.142 0.0173592 -0.0155697 0.0217158 0.999492
0000000051.000000 75.535 -6.148 296.216 0.00827698 -0.0197911 0.0194233 0.999581
0000000052.000000 75.3959 -6.25781 299.223 0.0147294 -0.0242434 0.0228355 0.999337
0000000053.000000 75.2335 -6.39108 302.19 0.0165658 -0.030453 0.026151 0.999057
0000000054.000000 75.0901 -6.4924 304.159 0.0212793 -0.0356261 0.0260052 0.9988
0000000055.000000 74.921 -6.60024 306.144 0.017073 -0.0406051 0.0233514 0.998756
0000000056.000000 74.6614 -6.72909 309.066 0.015647 -0.0479979 0.0193943 0.998537
0000000057.000000 74.2988 -6.86807 311.984 0.0151488 -0.0500473 0.00361277 0.998625
0000000058.000000 73.9931 -6.99801 314.912 0.0202213 -0.0474173 -3.75351e-05 0.99867
0000000059.000000 73.7242 -7.13137 317.89 0.0146586 -0.0400485 -0.000766082 0.99909
0000000060.000000 73.5601 -7.20906 319.877 0.0111345 -0.0338502 -0.00587492 0.999348
0000000061.000000 73.3603 -7.32983 322.838 0.0201509 -0.0250549 -0.0102793 0.99943
0000000062.000000 73.2715 -7.42382 324.851 0.0163747 -0.0207595 -0.00487811 0.999638
0000000063.000000 73.1688 -7.55387 327.869 0.0181618 -0.01607 -0.00132171 0.999705
0000000064.000000 73.1051 -7.65038 329.88 0.0182111 -0.016268 -0.00141379 0.999701
0000000065.000000 73.0047 -7.79592 332.926 0.0133459 -0.0141486 -0.00173268 0.999809
0000000066.000000 72.9017 -7.92155 335.931 0.0192965 -0.0135372 -0.00396335 0.999714
0000000067.000000 72.8179 -8.06885 338.927 0.0152639 -0.0133124 0.000181143 0.999795
0000000068.000000 72.7453 -8.19522 341.882 0.0153129 -0.0134937 8.89697e-05 0.999792
0000000069.000000 72.6691 -8.32969 344.745 0.015362 -0.013671 -3.11586e-06 0.999789
0000000070.000000 72.5998 -8.45483 347.486 0.0166348 -0.0112272 0.00403864 0.99979
0000000071.000000 72.524 -8.62193 350.976 0.0177938 -0.00159313 -0.0043612 0.999831
0000000072.000000 72.5364 -8.74066 353.44 0.0142188 0.00643467 -0.00207229 0.999876
0000000073.000000 72.5706 -8.81405 354.993 0.00935234 0.0106943 0.00188538 0.999897
0000000074.000000 72.5986 -8.8753 356.441 0.0140191 0.0120441 0.00160525 0.999828
0000000075.000000 72.6501 -8.93827 357.808 0.0173958 0.0120293 0.00601151 0.999758
0000000076.000000 72.6726 -9.01046 359.161 0.0226433 0.0113651 0.00540387 0.999664
0000000077.000000 72.7052 -9.11391 361.204 0.0174661 0.00629569 0.0101221 0.999776
0000000078.000000 72.6566 -9.24299 363.836 0.0182032 -0.0133808 0.0119417 0.999673
0000000079.000000 72.4164 -9.37037 366.492 0.0176922 -0.0428187 0.00655024 0.998905
0000000080.000000 72.0413 -9.49846 369.287 0.0222392 -0.0631772 -0.00357313 0.997748
0000000081.000000 71.6114 -9.63953 372.314 0.0178953 -0.062095 -0.0107247 0.997852
0000000082.000000 71.2691 -9.77093 375.566 0.0234055 -0.0462773 -0.00825162 0.99862
0000000083.000000 71.0248 -9.93327 379.089 0.0210357 -0.0231719 -0.00978548 0.999462
0000000084.000000 70.9559 -10.1348 382.801 0.0249195 -0.00751069 -0.00433305 0.999652
0000000085.000000 70.9404 -10.2853 385.758 0.0206387 -0.000680367 -0.000864699 0.999786
0000000086.000000 70.9382 -10.3755 387.786 0.0206887 -0.000799092 -0.00095417 0.999785
0000000087.000000 70.9217 -10.4736 389.869 0.0207387 -0.000914889 -0.00104359 0.999784
0000000088.000000 70.874 -10.6273 393.061 0.0193157 -0.00626596 0.000601601 0.999794
0000000089.000000 70.8084 -10.7932 396.25 0.0249972 -0.0125465 0.00541331 0.999594
0000000090.000000 70.7354 -10.9167 398.384 0.0208298 -0.0156049 0.00409553 0.999653
0000000091.000000 70.6428 -11.0247 400.516 0.017414 -0.0173498 0.00128945 0.999697
0000000092.000000 70.4968 -11.1797 403.696 0.0174623 -0.0174463 0.00119931 0.999695
0000000093.000000 70.364 -11.3398 406.826 0.0218032 -0.0183095 -0.000741915 0.999594
0000000094.000000 70.2818 -11.4464 408.92 0.0162205 -0.0179281 -8.60236e-06 0.999708
0000000095.000000 70.165 -11.5703 412.033 0.0162688 -0.018013 -9.8633e-05 0.999705
0000000096.000000 70.0627 -11.7246 415.058 0.0223378 -0.0171871 -0.00390601 0.999595
0000000097.000000 69.9267 -11.9542 419.091 0.0163118 -0.0161808 0.00215594 0.999734
0000000098.000000 69.8275 -12.1069 421.962 0.02091 -0.0163331 -0.00174998 0.999646
0000000099.000000 69.7007 -12.262 424.716 0.0195262 -0.0226238 -0.00260331 0.99955
0000000100.000000 69.5316 -12.3991 427.342 0.0152328 -0.032435 -0.00116123 0.999357
0000000101.000000 69.2249 -12.5517 430.599 0.0176158 -0.0457864 -0.00361332 0.998789
0000000102.000000 68.8538 -12.7222 433.592 0.0199338 -0.0630472 -0.00576832 0.997795
0000000103.000000 68.4138 -12.8704 436.272 0.0156836 -0.0777944 -0.0155606 0.996725
0000000104.000000 68.0354 -12.9793 438.613 0.0145323 -0.0600362 -0.027331 0.997716
0000000105.000000 68.0515 -13.118 441.178 0.0163246 0.0334179 -0.0297953 0.998864
0000000106.000000 68.8266 -13.2565 443.326 0.0228764 0.192879 -0.0160881 0.980824
0000000107.000000 69.8907 -13.3768 444.671 0.0220246 0.332886 -0.00395971 0.942702
0000000108.000000 71.298 -13.4524 445.599 0.0219054 0.458116 0.0106597 0.888558
0000000109.000000 72.4495 -13.4833 446.07 0.0167185 0.543228 0.0131167 0.839317
0000000110.000000 73.6971 -13.5125 446.276 0.0227951 0.614868 0.0181611 0.788091
0000000111.000000 75.586 -13.5373 446.441 0.0236878 0.676885 0.0115992 0.735616
0000000112.000000 77.7372 -13.5785 446.449 0.0285757 0.701015 0.0175962 0.712356
0000000113.000000 80.1558 -13.6238 446.513 0.0262937 0.698486 0.019127 0.714884
0000000114.000000 82.1396 -13.6467 446.577 0.0263902 0.698467 0.0191003 0.7149
0000000115.000000 84.9768 -13.7088 446.672 0.0314593 0.694594 0.0129643 0.718597
0000000116.000000 88.0953 -13.7809 446.821 0.0242477 0.691939 0.0149957 0.721393
0000000117.000000 90.5693 -13.8274 446.939 0.0243439 0.691926 0.0149686 0.721403
0000000118.000000 94.0201 -13.9176 447.097 0.0310791 0.691898 0.00657063 0.721296
0000000119.000000 95.828 -13.9865 447.184 0.0311752 0.69189 0.00654388 0.7213
0000000120.000000 97.6765 -14.0564 447.256 0.0253003 0.693897 0.0104333 0.719554
0000000121.000000 99.544 -14.1133 447.319 0.0253964 0.693891 0.010407 0.719557
0000000122.000000 101.436 -14.1724 447.379 0.0254924 0.693887 0.0103809 0.719558
0000000123.000000 103.352 -14.2326 447.464 0.0255884 0.693884 0.0103549 0.719558
0000000124.000000 106.212 -14.327 447.587 0.0256843 0.693883 0.0103291 0.719555
0000000125.000000 109.114 -14.4393 447.723 0.0257801 0.693884 0.0103035 0.719551
0000000126.000000 111.071 -14.5 447.801 0.0258759 0.693887 0.010278 0.719545
0000000127.000000 114.008 -14.5851 447.898 0.0225215 0.694444 0.0153758 0.71903
0000000128.000000 115.946 -14.6289 447.966 0.0226172 0.69445 0.0153507 0.719021
0000000129.000000 117.874 -14.6721 448.026 0.0227129 0.694458 0.0153258 0.719011
0000000130.000000 120.772 -14.7354 448.117 0.0228085 0.694469 0.015301 0.718999
0000000131.000000 123.621 -14.8285 448.244 0.0260645 0.693883 0.00493473 0.719599
0000000132.000000 126.466 -14.9311 448.359 0.0206548 0.693596 0.00982775 0.720001
0000000133.000000 129.259 -15.0068 448.456 0.0228026 0.692763 0.0150314 0.720648
0000000134.000000 131.984 -15.0914 448.575 0.0264554 0.691824 0.00800514 0.721537
0000000135.000000 134.719 -15.1975 448.72 0.0239973 0.690294 0.00431044 0.723118
0000000136.000000 137.455 -15.289 448.886 0.0187812 0.683637 0.00989145 0.729513
0000000137.000000 140.142 -15.361 449.127 0.0189854 0.672816 0.0112535 0.739481
0000000138.000000 141.892 -15.4142 449.343 0.0210008 0.664992 0.00682967 0.746524
0000000139.000000 143.638 -15.4649 449.588 0.0168709 0.65747 0.00666248 0.753262
0000000140.000000 145.363 -15.517 449.854 0.0154959 0.650572 0.00651543 0.759258
0000000141.000000 147.929 -15.5983 450.31 0.0188871 0.641722 0.00360109 0.766696
0000000142.000000 150.498 -15.6778 450.844 0.0142881 0.632332 0.0081753 0.774523
0000000143.000000 153.003 -15.7475 451.407 0.0192465 0.620706 0.00643113 0.783781
0000000144.000000 154.669 -15.7998 451.83 0.0169743 0.611226 0.012901 0.791169
0000000145.000000 157.086 -15.8818 452.516 0.0293444 0.597882 0.012545 0.800949
0000000146.000000 158.683 -15.957 453.033 0.0284308 0.590826 0.00995375 0.806237
0000000147.000000 161.064 -16.0597 453.839 0.0213005 0.581943 0.0160005 0.812793
0000000148.000000 163.401 -16.1449 454.675 0.02623 0.572485 0.0112403 0.819418
0000000149.000000 165.714 -16.248 455.587 0.0224371 0.563162 0.0117756 0.825958
0000000150.000000 168.737 -16.396 456.853 0.0299675 0.550166 0.00733811 0.834485
0000000151.000000 171.68 -16.5696 458.237 0.0267428 0.534342 0.00419755 0.844835
0000000152.000000 174.516 -16.7346 459.693 0.025998 0.518466 0.00101348 0.854703
0000000153.000000 176.56 -16.8704 460.83 0.0282692 0.506561 -0.000874996 0.86174
0000000154.000000 179.194 -17.0335 462.394 0.0196128 0.490526 0.00716366 0.871176
0000000155.000000 181.002 -17.1319 463.568 0.0233744 0.479134 0.00276707 0.877426
0000000156.000000 182.674 -17.2435 464.688 0.0207848 0.470879 0.00101578 0.881952
0000000157.000000 184.665 -17.3784 466.033 0.022471 0.470242 -0.00361246 0.882244
0000000158.000000 186.817 -17.5101 467.392 0.0145623 0.493229 0.000450378 0.869778
0000000159.000000 189.35 -17.6445 468.56 0.0240565 0.553945 0.00032588 0.832206
0000000160.000000 191.88 -17.7595 469.009 0.0236547 0.659996 0.00670484 0.750867
0000000161.000000 194.158 -17.827 468.723 0.0226962 0.764145 0.00673108 0.64461
0000000162.000000 195.764 -17.8585 468.094 0.0129472 0.831497 0.010623 0.555276
0000000163.000000 196.982 -17.8592 467.295 0.00819984 0.878299 0.00972933 0.477942
0000000164.000000 198.238 -17.8226 466.165 0.00839523 0.913031 0.0115989 0.407638
0000000165.000000 199.543 -17.7844 464.749 0.00891605 0.931482 0.0136466 0.363422
0000000166.000000 200.918 -17.7455 463.1 0.00995822 0.94096 0.0138249 0.338088
0000000167.000000 201.894 -17.7147 461.872 0.0100893 0.945135 0.0140531 0.326223
0000000168.000000 203.94 -17.6452 459.184 0.0117557 0.948471 0.0171676 0.316179
0000000169.000000 205.61 -17.5796 456.959 0.0118469 0.948506 0.0171942 0.31607
0000000170.000000 207.38 -17.5062 454.596 0.0112959 0.949563 0.0213575 0.312645
0000000171.000000 209.182 -17.4274 452.168 0.0113875 0.949596 0.0213845 0.312539
0000000172.000000 211.009 -17.3566 449.751 0.011479 0.949628 0.0214117 0.312435
0000000173.000000 212.831 -17.2855 447.318 0.0115704 0.949661 0.0214388 0.312332
0000000174.000000 214.645 -17.2174 444.908 0.0116619 0.949692 0.0214661 0.312231
0000000175.000000 216.454 -17.1615 442.494 0.0117533 0.949723 0.0214934 0.312131
0000000176.000000 217.662 -17.1125 440.884 0.0118447 0.949754 0.0215207 0.312032
0000000177.000000 219.454 -17.0564 438.487 0.011936 0.949784 0.0215481 0.311935
0000000178.000000 221.237 -16.9928 436.088 0.0120274 0.949814 0.0215756 0.311839
0000000179.000000 222.419 -16.9544 434.503 0.0121187 0.949843 0.0216032 0.311744
0000000180.000000 223.589 -16.9158 432.926 0.0122099 0.949872 0.0216308 0.31165
0000000181.000000 224.762 -16.8691 431.351 0.0123012 0.949901 0.0216584 0.311557
0000000182.000000 225.92 -16.829 429.792 0.0123925 0.949929 0.0216861 0.311465
0000000183.000000 227.094 -16.7924 428.243 0.0124837 0.949957 0.0217138 0.311374
0000000184.000000 228.874 -16.7224 425.876 0.0125749 0.949985 0.0217416 0.311284
0000000185.000000 230.681 -16.652 423.443 0.0162642 0.949296 0.0201725 0.313315
0000000186.000000 232.564 -16.5939 420.937 0.0118163 0.949599 0.0177312 0.312741
0000000187.000000 234.474 -16.5328 418.383 0.0119071 0.949626 0.0177591 0.312656
0000000188.000000 236.381 -16.4783 415.807 0.0119978 0.949652 0.0177871 0.312572
0000000189.000000 238.281 -16.4433 413.266 0.0120886 0.949677 0.0178153 0.31249
0000000190.000000 240.168 -16.4103 410.757 0.0121792 0.949702 0.0178435 0.312409
0000000191.000000 242.05 -16.3807 408.276 0.0122698 0.949726 0.0178719 0.312329
0000000192.000000 243.282 -16.3521 406.643 0.0123604 0.949751 0.0179003 0.312251
0000000193.000000 244.501 -16.3291 405.022 0.0124509 0.949774 0.0179288 0.312174
0000000194.000000 245.671 -16.3056 403.44 0.0125414 0.949798 0.0179573 0.312097
0000000195.000000 246.808 -16.2873 401.908 0.0126319 0.949821 0.017986 0.312022
0000000196.000000 248.38 -16.2692 399.74 0.0130647 0.951618 0.01795 0.30648
0000000197.000000 250.212 -16.2508 397.079 0.0148365 0.957025 0.0180999 0.289058
0000000198.000000 251.313 -16.2428 395.267 0.0145625 0.965139 0.0162033 0.26083
0000000199.000000 252.317 -16.2273 392.991 0.0149158 0.981941 0.0154487 0.187965
0000000200.000000 252.713 -16.1984 391.243 0.0148429 0.994445 0.0203742 0.102194
0000000201.000000 252.732 -16.1502 389.496 0.0143745 0.999578 0.0248633 -0.00432686
0000000202.000000 252.371 -16.0818 387.874 0.0140828 0.992848 0.0262435 -0.115612
0000000203.000000 251.656 -16.0008 386.386 0.0156315 0.974167 0.0284113 -0.223489
0000000204.000000 250.616 -15.9022 385.059 0.0162939 0.947866 0.0335749 -0.316476
0000000205.000000 249.363 -15.789 383.845 0.0134957 0.919744 0.0368281 -0.390553
0000000206.000000 247.41 -15.627 382.37 0.00790673 0.886501 0.0434652 -0.460612
0000000207.000000 245.724 -15.4861 381.402 -0.00130313 -0.85945 -0.0455338 0.509186
0000000208.000000 243.14 -15.2996 380.328 -2.56672e-05 -0.825526 -0.042601 0.562754
0000000209.000000 241.721 -15.2063 379.877 -0.000690236 -0.809289 -0.0395771 0.586076
0000000210.000000 239.429 -15.0665 379.309 -0.00823305 -0.787467 -0.0338952 0.615369
0000000211.000000 237.786 -14.9718 378.977 -0.011946 -0.774963 -0.0339308 0.630982
0000000212.000000 235.201 -14.8215 378.547 -0.00717185 -0.758392 -0.0325809 0.650945
0000000213.000000 233.369 -14.7187 378.319 -0.00789724 -0.746936 -0.0336611 0.663997
0000000214.000000 231.473 -14.6225 378.14 -0.00917845 -0.738214 -0.0291566 0.673874
0000000215.000000 229.523 -14.5304 378.004 -0.00710394 -0.732111 -0.0230397 0.680758
0000000216.000000 227.497 -14.4546 377.88 -0.00716442 -0.728091 -0.0234961 0.685041
0000000217.000000 224.338 -14.326 377.711 -0.00844558 -0.724143 -0.0245226 0.689162
0000000218.000000 222.198 -14.2378 377.612 -0.00846549 -0.724127 -0.0246165 0.689176
0000000219.000000 218.948 -14.1215 377.457 -0.00601209 -0.720886 -0.0261152 0.692536
0000000220.000000 216.758 -14.0428 377.363 -0.00603193 -0.720873 -0.0262095 0.692545
0000000221.000000 213.418 -13.9159 377.235 -0.00392068 -0.717597 -0.0293732 0.695828
0000000222.000000 210.056 -13.7778 377.119 -0.00380746 -0.714944 -0.0319633 0.69844
0000000223.000000 206.671 -13.6458 377.051 -0.00168115 -0.712017 -0.0326903 0.701399
0000000224.000000 204.417 -13.5632 377.013 -0.00170062 -0.712014 -0.0327853 0.701398
0000000225.000000 202.17 -13.4823 376.987 -0.00172022 -0.712012 -0.0328804 0.701395
0000000226.000000 199.937 -13.4016 376.945 -0.00173994 -0.712012 -0.0329755 0.70139
0000000227.000000 197.707 -13.3213 376.902 -0.00175978 -0.712014 -0.0330707 0.701384
0000000228.000000 194.396 -13.1915 376.862 -0.00177982 -0.712018 -0.033166 0.701375
0000000229.000000 192.207 -13.1142 376.815 -0.00179997 -0.712023 -0.0332614 0.701365
0000000230.000000 190.028 -13.0368 376.767 -0.00182023 -0.712031 -0.0333569 0.701353
0000000231.000000 187.859 -12.957 376.726 -0.00184061 -0.71204 -0.0334524 0.70134
0000000232.000000 184.647 -12.8281 376.679 -0.00186118 -0.712051 -0.0335481 0.701323
0000000233.000000 181.488 -12.715 376.607 -0.00188192 -0.712064 -0.0336439 0.701305
0000000234.000000 179.403 -12.6435 376.58 -0.00190276 -0.71208 -0.0337397 0.701285
0000000235.000000 177.329 -12.5713 376.547 -0.0019237 -0.712096 -0.0338356 0.701263
0000000236.000000 175.278 -12.5032 376.506 -0.00194474 -0.712114 -0.0339316 0.70124
0000000237.000000 173.272 -12.4326 376.475 -0.00196587 -0.712134 -0.0340276 0.701216
0000000238.000000 171.319 -12.3611 376.468 -0.00198712 -0.712155 -0.0341237 0.70119
0000000239.000000 168.449 -12.2586 376.436 -0.00363854 -0.708728 -0.0344927 0.704629
0000000240.000000 165.76 -12.1545 376.433 -0.00429009 -0.704973 -0.0333082 0.708438
0000000241.000000 163.23 -12.0611 376.451 -0.00623841 -0.706135 -0.0288095 0.707464
0000000242.000000 160.884 -11.9817 376.423 -0.0114052 -0.71242 -0.0283408 0.701088
0000000243.000000 158.028 -11.8759 376.253 -0.0141001 -0.730469 -0.0270908 0.682263
0000000244.000000 155.612 -11.7761 375.901 -0.0219593 -0.766963 -0.0266177 0.640762
0000000245.000000 152.465 -11.5774 374.343 0.0304214 0.885089 0.0262296 -0.463684
0000000246.000000 151.019 -11.4264 372.454 0.0322072 0.954793 0.0308872 -0.293903
0000000247.000000 150.529 -11.3354 371.066 0.0288787 0.979356 0.0371484 -0.196588
0000000248.000000 150.204 -11.2398 369.562 0.0269478 0.992026 0.0323221 -0.118796
0000000249.000000 149.986 -11.1081 367.379 0.0188449 0.997653 0.0318147 -0.0576377
0000000250.000000 149.883 -11.0043 365.601 0.0209254 0.998787 0.0320301 -0.03099
0000000251.000000 149.827 -10.8643 363.057 0.0229249 0.999234 0.0289082 -0.0130469
0000000252.000000 149.789 -10.7584 360.963 0.0245507 0.999306 0.0267446 -0.00831385
0000000253.000000 149.782 -10.6421 358.702 0.0302399 0.999217 0.0255097 -2.23463e-05
0000000254.000000 149.823 -10.5292 356.274 0.0306529 0.999201 0.0241029 0.00874666
0000000255.000000 149.926 -10.3793 352.801 0.0345629 0.998974 0.0252644 0.0147426
0000000256.000000 150.032 -10.2436 349.992 0.035096 0.998814 0.027751 0.019177
0000000257.000000 150.192 -10.0859 347.039 0.0260301 0.998938 0.0314523 0.0213764
0000000258.000000 150.292 -9.98453 345.033 0.0272456 0.999056 0.0266151 0.0208771
0000000259.000000 150.373 -9.89074 342.986 0.0273312 0.99905 0.0266674 0.0209788
0000000260.000000 150.526 -9.7555 339.85 0.0274168 0.999044 0.0267198 0.0210848
0000000261.000000 150.635 -9.66999 337.736 0.0275024 0.999038 0.0267722 0.0211936
0000000262.000000 150.715 -9.5724 335.594 0.0275881 0.999032 0.0268247 0.0213053
0000000263.000000 150.827 -9.47754 333.473 0.0276738 0.999026 0.0268772 0.0214198
0000000264.000000 150.937 -9.39179 331.35 0.0277596 0.99902 0.0269298 0.0215372
0000000265.000000 151.071 -9.26009 328.158 0.0323308 0.998857 0.0282209 0.0210265
0000000266.000000 151.168 -9.16525 326.031 0.0324164 0.998851 0.0282743 0.0211509
0000000267.000000 151.278 -9.08161 323.932 0.0294951 0.999068 0.0241622 0.0202528
0000000268.000000 151.429 -8.96221 320.754 0.0264974 0.999058 0.0287827 0.0187586
0000000269.000000 151.522 -8.86738 318.634 0.0265829 0.999052 0.0288357 0.0188933
0000000270.000000 151.611 -8.7653 316.489 0.0266685 0.999046 0.0288888 0.019031
0000000271.000000 151.699 -8.65858 314.304 0.0267541 0.999039 0.0289419 0.0191716
0000000272.000000 151.81 -8.49656 310.993 0.0315552 0.998899 0.0291407 0.0188728
0000000273.000000 151.95 -8.33725 307.641 0.0348652 0.998894 0.0248253 0.0194608
0000000274.000000 152.107 -8.20074 304.246 0.0349516 0.998887 0.0248798 0.0196142
0000000275.000000 152.209 -8.10102 301.942 0.035038 0.998879 0.0249344 0.0197708
0000000276.000000 152.315 -8.01353 299.625 0.0351245 0.998872 0.0249891 0.0199304
0000000277.000000 152.406 -7.9273 297.29 0.035211 0.998864 0.0250439 0.0200932
0000000278.000000 152.557 -7.78764 293.769 0.0352975 0.998856 0.0250988 0.0202608
0000000279.000000 152.67 -7.7049 291.418 0.0353841 0.998848 0.0251538 0.0204316
0000000280.000000 152.787 -7.61315 289.054 0.0354707 0.99884 0.0252089 0.0206055
0000000281.000000 152.91 -7.53684 286.731 0.033448 0.999014 0.0197546 0.0215059
0000000282.000000 153.038 -7.4899 284.42 0.0319102 0.999117 0.0153033 0.0226559
0000000283.000000 153.15 -7.43878 282.098 0.0327926 0.998941 0.0213838 0.024166
0000000284.000000 153.279 -7.35865 279.789 0.03288 0.998933 0.0214386 0.0243521
0000000285.000000 153.441 -7.24402 276.326 0.0329675 0.998924 0.0214935 0.024543
0000000286.000000 153.568 -7.18916 274.039 0.0325901 0.999086 0.0140046 0.0238461
0000000287.000000 153.697 -7.1595 271.745 0.032679 0.999078 0.0140597 0.0240424
0000000288.000000 153.84 -7.11648 269.459 0.0278445 0.999073 0.023266 0.023169
0000000289.000000 153.948 -7.03644 267.183 0.0279315 0.999064 0.0233205 0.0233725
0000000290.000000 154.021 -6.99026 264.958 0.0358192 0.999031 0.0107517 0.0232164
0000000291.000000 154.117 -6.96443 262.71 0.0359088 0.999022 0.0108081 0.0234245
0000000292.000000 154.229 -6.92407 260.456 0.0350007 0.998865 0.0215028 0.0240916
0000000293.000000 154.296 -6.89014 259.35 0.0350881 0.998856 0.0215591 0.0243052
0000000294.000000 154.419 -6.83384 257.147 0.0351754 0.998846 0.0216155 0.0245218
0000000295.000000 154.539 -6.79361 254.977 0.0336159 0.999039 0.0139501 0.0244115
0000000296.000000 154.648 -6.76776 252.822 0.0339623 0.999133 0.00783836 0.0227601
0000000297.000000 154.781 -6.74547 249.608 0.0343512 0.999073 0.0150907 0.0210913
0000000298.000000 154.898 -6.70952 247.491 0.0300954 0.999084 0.0216719 0.0213481
0000000299.000000 155.007 -6.67013 245.438 0.0258629 0.999277 0.0163875 0.0225441
0000000300.000000 155.101 -6.64903 243.459 0.0289899 0.999234 0.0089623 0.0246963
0000000301.000000 155.197 -6.64398 241.537 0.0330626 0.999027 0.0116659 0.0267406
0000000302.000000 155.299 -6.64122 239.685 0.0331521 0.999017 0.0117228 0.02698
0000000303.000000 155.398 -6.63135 237.917 0.0339663 0.999001 0.00623829 0.028362
0000000304.000000 155.565 -6.64518 235.373 0.0340571 0.998991 0.00629553 0.0286066
0000000305.000000 155.688 -6.6538 233.757 0.0277901 0.999106 0.00983775 0.0302957
0000000306.000000 155.849 -6.64425 231.492 0.0270034 0.99895 0.0141771 0.0341951
0000000307.000000 155.95 -6.63973 230.102 0.0280857 0.998866 0.0103543 0.037031
0000000308.000000 156.12 -6.63258 228.224 0.0225851 0.99885 0.0161746 0.0390682
0000000309.000000 156.292 -6.61808 225.979 0.0178949 0.999265 0.0155781 0.030124
0000000310.000000 156.266 -6.57217 223.54 0.0196155 0.999523 0.0152121 -0.0183597
0000000311.000000 155.514 -6.50869 220.623 0.0325649 0.986939 0.013394 -0.157197
0000000312.000000 154.148 -6.39963 218.494 0.0375656 0.952243 0.0209899 -0.302295
0000000313.000000 153.16 -6.32243 217.532 0.0330626 0.922754 0.024176 -0.383206
0000000314.000000 151.961 -6.22822 216.693 0.0275216 0.8872 0.0203351 -0.460114
0000000315.000000 150.567 -6.14021 216.021 -0.024516 -0.848048 -0.0238928 0.528812
0000000316.000000 148.985 -6.03139 215.526 -0.0259442 -0.808614 -0.0260841 0.587188
0000000317.000000 147.272 -5.9217 215.167 -0.021045 -0.776016 -0.0226787 0.629954
0000000318.000000 145.381 -5.81097 214.931 -0.0258412 -0.752719 -0.0178948 0.657591
0000000319.000000 144.032 -5.7274 214.795 -0.0256162 -0.741774 -0.0180917 0.669916
0000000320.000000 142.593 -5.6306 214.698 -0.0293007 -0.734749 -0.0174585 0.677481
0000000321.000000 141.079 -5.53546 214.592 -0.028961 -0.729512 -0.0188277 0.683095
0000000322.000000 138.659 -5.38771 214.489 -0.0263363 -0.722513 -0.0101027 0.690781
0000000323.000000 136.934 -5.30548 214.431 -0.027059 -0.720405 -0.00509846 0.693007
0000000324.000000 135.126 -5.21255 214.354 -0.0290802 -0.719816 -0.0101866 0.693481
0000000325.000000 133.236 -5.10154 214.268 -0.0330688 -0.720233 -0.0175813 0.692721
0000000326.000000 131.318 -4.9849 214.185 -0.0302649 -0.720328 -0.0129829 0.692851
0000000327.000000 129.357 -4.88306 214.117 -0.0302937 -0.720534 -0.0130934 0.692634
0000000328.000000 127.372 -4.77227 214.028 -0.0303226 -0.720741 -0.013204 0.692415
0000000329.000000 125.375 -4.6612 213.941 -0.035807 -0.722932 -0.0165024 0.689793
0000000330.000000 124.376 -4.60097 213.885 -0.0358356 -0.72314 -0.0166147 0.689571
0000000331.000000 122.393 -4.48924 213.771 -0.0315758 -0.725715 -0.0124259 0.687158
0000000332.000000 120.396 -4.39147 213.644 -0.0316063 -0.725925 -0.0125371 0.686933
0000000333.000000 119.4 -4.33839 213.581 -0.031637 -0.726136 -0.0126483 0.686706
0000000334.000000 118.408 -4.29139 213.519 -0.0316676 -0.726348 -0.0127595 0.686478
0000000335.000000 117.424 -4.25204 213.463 -0.0316984 -0.726561 -0.0128708 0.68625
0000000336.000000 116.44 -4.19845 213.402 -0.0317292 -0.726774 -0.0129822 0.686021
0000000337.000000 114.535 -4.07344 213.262 -0.0242797 -0.726609 -0.00428636 0.686609
0000000338.000000 112.449 -4.01303 213.094 -0.0232019 -0.723641 -0.00708381 0.68975
0000000339.000000 111.537 -3.9896 213.114 -0.0234393 -0.718701 -0.00515994 0.694905
0000000340.000000 110.646 -3.97483 213.141 -0.0250003 -0.723399 -0.00450294 0.689963
0000000341.000000 108.717 -3.93966 213.004 -0.0254676 -0.721495 -0.00591448 0.691926
0000000342.000000 106.766 -3.86922 212.924 -0.0238209 -0.720927 -0.00720386 0.692564
0000000343.000000 104.843 -3.8039 212.883 -0.0318489 -0.722768 -0.00747348 0.690316
0000000344.000000 102.982 -3.69351 212.754 -0.0276611 -0.720494 -0.00400374 0.692898
0000000345.000000 101.171 -3.68223 212.719 -0.0309988 -0.724133 -0.0082282 0.688914
0000000346.000000 99.3 -3.6098 212.52 -0.0331238 -0.717838 -0.0101689 0.695348
0000000347.000000 97.5664 -3.47639 212.562 -0.0298556 -0.721811 -0.00796875 0.6914
0000000348.000000 95.8468 -3.43841 212.428 -0.0313578 -0.719288 -0.00821139 0.693955
0000000349.000000 94.2825 -3.39475 212.368 -0.0323928 -0.716778 -0.00953613 0.696483
0000000350.000000 92.1512 -3.29727 212.341 -0.0325323 -0.71533 -0.00918323 0.697969
0000000351.000000 89.6538 -3.20613 212.419 -0.0381597 -0.726487 -0.0150381 0.685955
0000000352.000000 85.7488 -2.91094 212.343 -0.0127967 -0.671675 0.00120901 0.740735
0000000353.000000 81.9331 -2.87738 213.574 0.0134674 -0.537283 0.00470919 0.843281
0000000354.000000 79.3152 -3.16149 215.686 -0.000780983 -0.380975 -0.00678939 0.92456
0000000355.000000 78.0036 -3.17055 217.782 0.013338 -0.255752 0.00308541 0.966645
0000000356.000000 77.0756 -3.3044 220.656 0.00756437 -0.131869 0.00629724 0.991218
0000000357.000000 76.7803 -3.38018 222.641 0.0123008 -0.0697589 0.00772908 0.997458
0000000358.000000 76.6888 -3.42204 224.179 0.0146009 -0.0324171 0.0104253 0.999313
0000000359.000000 76.6436 -3.46328 225.736 0.00772696 -0.011872 0.014302 0.999797
0000000360.000000 76.6207 -3.51954 227.84 0.0103642 -0.00413449 0.0214253 0.999708
0000000361.000000 76.3765 -3.64048 230.992 0.0101884 -0.0582003 0.0241452 0.997961
0000000362.000000 75.6706 -3.74916 233.402 0.0126413 -0.158639 0.0117536 0.987186
0000000363.000000 74.0395 -3.83213 235.749 0.0113798 -0.330343 -0.0223653 0.943527
0000000364.000000 72.4856 -3.81318 236.912 0.000886499 -0.448455 -0.0344271 0.893142
0000000365.000000 70.7135 -3.74538 237.677 -0.00244482 -0.562681 -0.0225848 0.826362
