0000000001.000000 -7.76153 -1.77023 285.086 0.00898891 -0.00871861 -0.00635831 0.999901
0000000002.000000 -7.81445 -1.83908 287.555 0.00898891 -0.00871861 -0.00635831 0.999901
0000000003.000000 -7.85537 -1.92576 290.032 0.0134391 -0.00779735 -0.00607015 0.999861
0000000004.000000 -7.89619 -2.01924 292.508 0.0134391 -0.00779735 -0.00607015 0.999861
0000000005.000000 -7.94817 -2.1075 295.019 0.0134391 -0.00779735 -0.00607015 0.999861
0000000006.000000 -8.00685 -2.18877 297.526 0.00855755 -0.00614154 -0.00790251 0.999913
0000000007.000000 -8.06341 -2.26575 300.027 0.0116967 -0.00647393 -0.0107918 0.999852
0000000008.000000 -8.11012 -2.34369 302.52 0.0147892 -0.00915274 -0.0137963 0.999754
0000000009.000000 -8.17227 -2.44873 305.01 0.0135246 -0.0131872 -0.0133077 0.999733
0000000010.000000 -8.24764 -2.53485 307.547 0.011879 -0.0189767 -0.0128634 0.999667
0000000011.000000 -8.366 -2.61678 310.131 0.00928022 -0.0260727 -0.012978 0.999533
0000000012.000000 -8.52531 -2.6869 312.716 0.00846765 -0.028403 -0.0129413 0.999477
0000000013.000000 -8.7074 -2.75711 315.304 0.0094914 -0.0261002 -0.0127406 0.999533
0000000014.000000 -8.84702 -2.84076 317.884 0.0124364 -0.01881 -0.0123718 0.999669
0000000015.000000 -8.95497 -2.93187 320.357 0.0151083 -0.0132724 -0.0124045 0.999721
0000000016.000000 -9.03063 -3.04294 322.837 0.017076 -0.00955042 -0.0125007 0.99973
0000000017.000000 -9.08759 -3.15801 325.287 0.0183966 -0.00762275 -0.0126561 0.999722
0000000018.000000 -9.1355 -3.28128 327.738 0.0190532 -0.00749087 -0.0128721 0.999708
0000000019.000000 -9.16609 -3.38559 330.192 0.0161253 -0.0101779 -0.00997494 0.999768
0000000020.000000 -9.22098 -3.51836 332.683 0.0191855 -0.0109784 -0.0058531 0.999739
0000000021.000000 -9.28183 -3.64924 335.129 0.0184719 -0.0108614 -0.00577771 0.999754
0000000022.000000 -9.32669 -3.76708 337.534 0.0162629 -0.0107359 -0.00571722 0.999794
0000000023.000000 -9.41574 -3.93561 341.013 0.0119242 -0.0108557 -0.00569936 0.999854
0000000024.000000 -9.47965 -4.02909 343.194 0.0114031 -0.0101179 -0.00569492 0.999868
0000000025.000000 -9.54385 -4.15664 346.372 0.0107452 -0.00972081 -0.00570082 0.999879
0000000026.000000 -9.59884 -4.27458 349.389 0.00995526 -0.00965668 -0.00571671 0.999887
0000000027.000000 -9.62571 -4.34707 351.325 0.00907994 -0.00981958 -0.00573898 0.999894
0000000028.000000 -9.64901 -4.41098 353.168 0.00812494 -0.0102053 -0.00576712 0.999898
0000000029.000000 -9.68745 -4.46954 354.92 0.00614946 -0.00968237 -0.00530425 0.99992
0000000030.000000 -9.71621 -4.52575 356.559 0.0087612 -0.00776697 -0.00559749 0.999916
0000000031.000000 -9.73934 -4.57654 358.107 0.00780422 -0.00808368 -0.00515467 0.999924
0000000032.000000 -9.77269 -4.64917 360.235 0.00753159 -0.00895814 -0.00472431 0.99992
0000000033.000000 -9.85146 -4.71637 362.116 0.0105543 -0.018749 -0.00791151 0.999737
0000000034.000000 -10.0416 -4.79635 364.325 0.0101662 -0.0488856 -0.0101069 0.998702
0000000035.000000 -10.7279 -4.867 366.672 0.00378199 -0.161664 -0.00985701 0.986789
0000000036.000000 -11.7804 -4.87876 368.19 -0.00874268 -0.295849 -0.0152305 0.955073
0000000037.000000 -13.6082 -4.81052 369.589 -0.0175564 -0.468884 -0.0193088 0.882874
0000000038.000000 -16.0674 -4.70557 370.285 -0.0195696 -0.633035 -0.00458482 0.773862
0000000039.000000 -17.7602 -4.6409 370.276 -0.0241514 -0.700772 -0.00971814 0.71291
0000000040.000000 -19.4958 -4.5638 370.057 -0.0253705 -0.737219 -0.017368 0.674954
0000000041.000000 -21.9818 -4.41962 369.678 -0.0322022 -0.750477 -0.0296912 0.659443
0000000042.000000 -24.669 -4.21522 369.329 -0.0265818 -0.751698 -0.0197636 0.658675
0000000043.000000 -26.9201 -4.06666 369.039 -0.0271827 -0.749916 -0.0248615 0.660506
0000000044.000000 -28.5078 -3.95122 368.83 -0.0210435 -0.746292 -0.030132 0.664603
0000000045.000000 -30.1725 -3.82701 368.649 -0.0173793 -0.740683 -0.0344661 0.670744
0000000046.000000 -31.9155 -3.69705 368.487 -0.0150271 -0.734776 -0.0403196 0.676944
0000000047.000000 -34.6661 -3.48412 368.312 -0.0129146 -0.727244 -0.0382092 0.685193
0000000048.000000 -37.5289 -3.26951 368.159 -0.0183425 -0.723604 -0.0409484 0.688755
0000000049.000000 -39.4636 -3.11697 368.05 -0.0173311 -0.723385 -0.0408844 0.689015
0000000050.000000 -42.4999 -2.88829 367.894 -0.015573 -0.722774 -0.0400615 0.689746
0000000051.000000 -44.5686 -2.74005 367.795 -0.0133364 -0.721942 -0.0387517 0.690739
0000000052.000000 -46.7285 -2.59477 367.693 -0.0132943 -0.721106 -0.0387345 0.691613
0000000053.000000 -48.9093 -2.45703 367.601 -0.0133407 -0.720258 -0.0388098 0.692491
0000000054.000000 -51.0917 -2.31843 367.503 -0.0134878 -0.719419 -0.0389902 0.69335
0000000055.000000 -53.2966 -2.1696 367.404 -0.0137751 -0.718589 -0.0393173 0.694186
0000000056.000000 -55.4932 -2.02218 367.306 -0.0142035 -0.717768 -0.0397923 0.695
0000000057.000000 -57.6652 -1.88444 367.227 -0.0134841 -0.718394 -0.0392975 0.694395
0000000058.000000 -59.8751 -1.74077 367.143 -0.0131621 -0.718728 -0.0392336 0.694058
0000000059.000000 -62.0345 -1.60569 367.054 -0.0132246 -0.718787 -0.0395871 0.693976
0000000060.000000 -64.1901 -1.47494 366.96 -0.0136654 -0.718578 -0.0403521 0.69414
0000000061.000000 -66.3393 -1.33488 366.878 -0.0144941 -0.718088 -0.0415371 0.69456
0000000062.000000 -69.5149 -1.13267 366.776 -0.0132477 -0.713774 -0.0419848 0.698991
0000000063.000000 -71.6335 -0.994354 366.734 -0.0146059 -0.712233 -0.0428564 0.700481
0000000064.000000 -74.7407 -0.77469 366.719 -0.0182317 -0.707631 -0.0461521 0.704838
0000000065.000000 -77.6989 -0.563563 366.723 -0.0173945 -0.704558 -0.0404674 0.708279
0000000066.000000 -79.5843 -0.446991 366.735 -0.0164009 -0.705207 -0.0388699 0.707745
0000000067.000000 -82.239 -0.29052 366.739 -0.0152784 -0.704814 -0.0377807 0.70822
0000000068.000000 -84.8328 -0.137297 366.741 -0.0189051 -0.709963 -0.0329261 0.703215
0000000069.000000 -87.4225 0.0261362 366.662 -0.0201664 -0.722924 -0.0318272 0.689899
0000000070.000000 -89.9843 0.179214 366.456 -0.0138708 -0.736736 -0.0294258 0.675397
0000000071.000000 -92.5932 0.316259 366.162 -0.0100143 -0.743572 -0.0318826 0.66782
0000000072.000000 -95.2631 0.459579 365.84 -0.0101382 -0.743827 -0.0320154 0.667528
0000000073.000000 -98.073 0.640061 365.554 -0.0183198 -0.740633 -0.0445914 0.670178
0000000074.000000 -99.9982 0.803871 365.354 -0.0132481 -0.735898 -0.0479836 0.67526
0000000075.000000 -101.976 0.976627 365.186 -0.00884764 -0.73023 -0.0458432 0.681604
0000000076.000000 -104.111 1.1489 365.068 -0.0160391 -0.725336 -0.049017 0.68646
0000000077.000000 -106.276 1.33274 364.963 -0.00894456 -0.72253 -0.0428229 0.689954
0000000078.000000 -108.483 1.48657 364.847 -0.00738 -0.718799 -0.05043 0.693347
0000000079.000000 -110.746 1.6416 364.771 -0.00138827 -0.715113 -0.0441744 0.69761
0000000080.000000 -113.076 1.78527 364.737 -0.00484631 -0.71092 -0.0394499 0.702148
0000000081.000000 -115.467 1.93774 364.729 -0.0117733 -0.705655 -0.0444826 0.70706
0000000082.000000 -117.814 2.10583 364.741 -0.0105362 -0.702547 -0.0438756 0.710205
0000000083.000000 -120.143 2.25719 364.772 -0.0104216 -0.702231 -0.0436595 0.710533
0000000084.000000 -122.481 2.41748 364.788 -0.00998916 -0.701601 -0.0431439 0.711192
0000000085.000000 -124.796 2.55677 364.814 -0.00866743 -0.702379 -0.0351905 0.71088
0000000086.000000 -127.123 2.67256 364.841 -0.0120666 -0.705794 -0.028301 0.707749
0000000087.000000 -129.438 2.78357 364.82 -0.0131583 -0.708979 -0.0302899 0.704456
0000000088.000000 -131.772 2.90214 364.773 -0.00641055 -0.710018 -0.0318212 0.703435
0000000089.000000 -134.122 3.00156 364.743 -0.00644723 -0.709137 -0.031925 0.704318
0000000090.000000 -136.472 3.10834 364.726 -0.0141519 -0.71084 -0.0349173 0.702344
0000000091.000000 -137.647 3.17499 364.709 -0.0150142 -0.712248 -0.0357717 0.700855
0000000092.000000 -139.939 3.29979 364.658 -0.00953709 -0.715588 -0.0346475 0.697598
0000000093.000000 -141.081 3.36482 364.628 -0.00918628 -0.717556 -0.0347947 0.69557
0000000094.000000 -142.221 3.41969 364.586 -0.00885613 -0.719261 -0.034973 0.693803
0000000095.000000 -144.486 3.54941 364.516 -0.0145221 -0.722492 -0.0361031 0.690283
0000000096.000000 -146.734 3.68409 364.388 -0.014276 -0.72317 -0.0364364 0.689561
0000000097.000000 -147.846 3.74452 364.321 -0.0140507 -0.7236 -0.0368018 0.689094
0000000098.000000 -150.053 3.871 364.196 -0.0106015 -0.725214 -0.0347199 0.687566
0000000099.000000 -153.411 4.05305 363.998 -0.0166396 -0.725503 -0.0377875 0.68698
0000000100.000000 -155.603 4.1999 363.87 -0.0165644 -0.724215 -0.0383868 0.688306
0000000101.000000 -158.847 4.40482 363.691 -0.0162328 -0.723389 -0.0394082 0.689124
0000000102.000000 -160.962 4.53524 363.58 -0.0139684 -0.723106 -0.0348435 0.689717
0000000103.000000 -163.085 4.66139 363.477 -0.0133458 -0.723073 -0.0355233 0.689729
0000000104.000000 -165.176 4.78068 363.367 -0.0126031 -0.723396 -0.0360587 0.689376
0000000105.000000 -167.268 4.89521 363.235 -0.00534914 -0.721094 -0.038014 0.691773
0000000106.000000 -169.4 5.00764 363.124 -0.00580573 -0.717578 -0.0412526 0.695231
0000000107.000000 -172.603 5.18608 363.061 -0.00788458 -0.712605 -0.0358237 0.700606
0000000108.000000 -174.761 5.2958 363.037 -0.00979147 -0.709272 -0.0307928 0.704194
0000000109.000000 -176.927 5.40884 363.041 -0.0177443 -0.706504 -0.0304664 0.70683
0000000110.000000 -179.115 5.54388 363.049 -0.0177215 -0.706082 -0.0302266 0.707263
0000000111.000000 -180.199 5.60252 363.038 -0.0176995 -0.70567 -0.0299874 0.707684
0000000112.000000 -182.385 5.73072 363.023 -0.0142763 -0.703121 -0.0349856 0.710066
0000000113.000000 -184.608 5.86666 363.03 -0.009001 -0.69953 -0.0368363 0.713597
0000000114.000000 -186.847 5.99013 363.059 -0.00841517 -0.695514 -0.039023 0.717403
0000000115.000000 -189.121 6.12204 363.144 -0.00840897 -0.695184 -0.0387918 0.717735
0000000116.000000 -191.397 6.25012 363.219 -0.00840457 -0.694877 -0.0385614 0.718045
0000000117.000000 -193.671 6.36853 363.293 -0.00840183 -0.694592 -0.0383319 0.718332
0000000118.000000 -195.94 6.48622 363.368 -0.00840075 -0.69433 -0.0381031 0.718598
0000000119.000000 -198.193 6.60115 363.446 -0.00840129 -0.69409 -0.0378752 0.718842
0000000120.000000 -200.449 6.7156 363.526 -0.00840346 -0.693872 -0.0376481 0.719064
0000000121.000000 -202.68 6.82607 363.61 -0.0084072 -0.693676 -0.0374218 0.719265
0000000122.000000 -204.9 6.94191 363.692 -0.0105696 -0.690409 -0.0393885 0.722269
0000000123.000000 -207.085 7.06007 363.799 -0.00970195 -0.686114 -0.0418066 0.726227
0000000124.000000 -209.214 7.172 363.933 -0.00776866 -0.681023 -0.0410479 0.731069
0000000125.000000 -211.281 7.27347 364.092 -0.00846963 -0.676599 -0.0399987 0.735216
0000000126.000000 -213.269 7.36665 364.27 -0.00848679 -0.676505 -0.0397764 0.735314
0000000127.000000 -215.224 7.46494 364.439 -0.0126678 -0.674446 -0.0406906 0.737094
0000000128.000000 -217.109 7.55853 364.616 -0.0126884 -0.674391 -0.0404694 0.737156
0000000129.000000 -218.915 7.66685 364.78 -0.00771052 -0.672474 -0.0385186 0.739077
0000000130.000000 -220.654 7.75039 364.943 -0.0127254 -0.667928 -0.0480446 0.742564
0000000131.000000 -222.289 7.85532 365.124 -0.00855574 -0.661357 -0.0479887 0.748485
0000000132.000000 -223.814 7.93446 365.354 -0.00902985 -0.653044 -0.0459667 0.75587
0000000133.000000 -226.551 8.06793 365.926 -0.0084364 -0.62898 -0.0351407 0.776581
0000000134.000000 -229.488 8.18017 366.723 -0.0190067 -0.609939 -0.0252216 0.791819
0000000135.000000 -231.047 8.25369 367.148 -0.0190574 -0.610021 -0.0250099 0.791761
0000000136.000000 -232.48 8.30967 367.493 -0.0202467 -0.618614 -0.0264396 0.784989
0000000137.000000 -233.755 8.37613 367.741 -0.0199809 -0.633096 -0.0237107 0.773452
0000000138.000000 -235.4 8.45223 367.912 -0.0191643 -0.665328 -0.0264076 0.745838
0000000139.000000 -236.979 8.53201 367.952 -0.018014 -0.694114 -0.0293841 0.71904
0000000140.000000 -238.605 8.62453 367.902 -0.0114184 -0.70792 -0.0343546 0.705364
0000000141.000000 -239.461 8.67197 367.888 -0.0114464 -0.708075 -0.03414 0.705219
0000000142.000000 -240.33 8.71804 367.884 -0.0114751 -0.708238 -0.0339258 0.705064
0000000143.000000 -241.618 8.7881 367.898 -0.00657206 -0.700529 -0.0372484 0.712621
0000000144.000000 -243.334 8.87917 368.006 -0.00559229 -0.685338 -0.0408062 0.727059
0000000145.000000 -246.402 9.01479 368.372 -0.00108564 -0.656071 -0.0398862 0.753644
0000000146.000000 -249.915 9.14612 368.671 -0.00417625 -0.714056 -0.0313198 0.699376
0000000147.000000 -252.495 9.30957 367.993 -0.00990904 -0.814894 -0.0345103 0.578497
0000000148.000000 -254.493 9.46081 366.781 0.0182953 0.890473 0.0260786 -0.453921
0000000149.000000 -255.578 9.54248 365.592 0.0247124 0.928324 0.0269895 -0.369966
0000000150.000000 -256.567 9.64604 364.119 0.0319612 0.958771 0.0265565 -0.281126
0000000151.000000 -257.088 9.74256 362.971 0.0316497 0.972392 0.0270247 -0.229613
0000000152.000000 -257.566 9.82279 361.705 0.0324559 0.981518 0.0280743 -0.186497
0000000153.000000 -257.985 9.9103 360.33 0.0345684 0.987965 0.0283402 -0.148076
0000000154.000000 -258.335 9.99682 358.862 0.0379644 0.992162 0.0234318 -0.116723
0000000155.000000 -258.632 10.0811 357.297 0.0412632 0.99496 0.0185842 -0.0894799
0000000156.000000 -258.873 10.1543 355.625 0.0469426 0.996667 0.020552 -0.0634792
0000000157.000000 -259.02 10.2332 353.868 0.0468117 0.997751 0.0210222 -0.0431225
0000000158.000000 -259.113 10.3058 352.027 0.0400332 0.998507 0.0180065 -0.0325139
0000000159.000000 -259.268 10.4203 349.078 0.0399251 0.998534 0.0178356 -0.031911
0000000160.000000 -259.402 10.4958 347.009 0.0398175 0.998561 0.0176654 -0.0312942
0000000161.000000 -259.526 10.5713 344.872 0.0397101 0.998587 0.0174959 -0.0306631
0000000162.000000 -259.638 10.6453 342.681 0.039603 0.998614 0.0173271 -0.0300177
0000000163.000000 -259.76 10.7082 340.448 0.0394962 0.998641 0.0171594 -0.0293575
0000000164.000000 -259.876 10.7659 338.17 0.0393895 0.998668 0.0169926 -0.0286824
0000000165.000000 -259.991 10.8421 335.847 0.0392832 0.998694 0.0168267 -0.027992
0000000166.000000 -260.105 10.92 333.463 0.0410175 0.998621 0.0225399 -0.0237759
0000000167.000000 -260.207 11.0042 331.072 0.040907 0.998646 0.0223772 -0.0230548
0000000168.000000 -260.295 11.0663 328.704 0.0375164 0.99904 0.00968626 -0.0204357
0000000169.000000 -260.368 11.0885 326.333 0.0349408 0.999133 0.0153341 -0.0166256
0000000170.000000 -260.422 11.1564 323.983 0.0336815 0.999138 0.021668 -0.0109581
0000000171.000000 -260.443 11.232 321.603 0.0336455 0.999223 0.0199458 -0.00491263
0000000172.000000 -260.422 11.2922 319.269 0.0337101 0.999224 0.0203253 0.001299
0000000173.000000 -260.413 11.3588 316.904 0.0353275 0.999113 0.0214165 0.00812841
0000000174.000000 -260.346 11.4245 314.577 0.0363027 0.999002 0.0213583 0.0148453
0000000175.000000 -260.269 11.4924 312.239 0.0381062 0.998824 0.0209637 0.0214037
0000000176.000000 -260.143 11.5523 309.931 0.0389491 0.998671 0.0201386 0.027069
0000000177.000000 -260.006 11.6025 307.641 0.0418649 0.998413 0.0189354 0.0325673
0000000178.000000 -259.84 11.6555 305.356 0.0444106 0.998095 0.0189874 0.038379
0000000179.000000 -259.648 11.7123 303.078 0.0459451 0.997789 0.0193446 0.0439623
0000000180.000000 -259.432 11.7534 300.823 0.0458262 0.997757 0.0192048 0.0448512
0000000181.000000 -259.203 11.7987 298.564 0.0457073 0.997725 0.0190658 0.0457504
0000000182.000000 -258.974 11.8478 296.297 0.0455885 0.99769 0.0189277 0.0466597
0000000183.000000 -258.759 11.8979 294.006 0.0454698 0.997655 0.0187904 0.0475797
0000000184.000000 -258.519 11.9501 291.725 0.0453511 0.997618 0.0186539 0.04851
0000000185.000000 -258.287 11.9951 289.434 0.0452324 0.99758 0.0185183 0.0494506
0000000186.000000 -258.036 12.0418 287.129 0.0451138 0.99754 0.0183835 0.0504015
0000000187.000000 -257.915 12.0695 285.972 0.0449952 0.997499 0.0182491 0.0513576
0000000188.000000 -257.666 12.1162 283.635 0.0448766 0.997457 0.0181156 0.0523243
0000000189.000000 -257.397 12.1567 281.313 0.0447581 0.997413 0.017983 0.0533011
0000000190.000000 -257.114 12.2062 278.969 0.0446396 0.997367 0.0178512 0.0542881
0000000191.000000 -256.832 12.2558 276.611 0.041499 0.99726 0.0164776 0.0589844
0000000192.000000 -256.674 12.2779 275.426 0.0413811 0.997207 0.0163443 0.0599861
0000000193.000000 -256.372 12.322 273.052 0.0405244 0.996886 0.016578 0.0655827
0000000194.000000 -256.204 12.3405 271.869 0.0404054 0.996826 0.0164457 0.066599
0000000195.000000 -256.038 12.3558 270.67 0.0402863 0.996764 0.0163139 0.0676201
0000000196.000000 -255.695 12.3954 268.281 0.0403035 0.996273 0.018306 0.0740304
0000000197.000000 -255.307 12.4399 265.888 0.0390261 0.995794 0.0197488 0.0805025
0000000198.000000 -254.893 12.4972 263.49 0.0380128 0.995314 0.0176571 0.0871339
0000000199.000000 -254.456 12.5326 261.087 0.0384391 0.994677 0.0161273 0.0942362
0000000200.000000 -253.957 12.5719 258.673 0.0370436 0.994112 0.0173337 0.10034
0000000201.000000 -253.693 12.5931 257.451 0.0369181 0.994011 0.0172059 0.101406
0000000202.000000 -253.429 12.6125 256.229 0.0367926 0.993908 0.0170785 0.102476
0000000203.000000 -252.917 12.6481 253.799 0.0386724 0.993183 0.0160127 0.108794
0000000204.000000 -252.641 12.6639 252.596 0.038547 0.993071 0.0158891 0.109875
0000000205.000000 -252.079 12.6834 250.173 0.0415549 0.992115 0.0164884 0.117084
0000000206.000000 -251.488 12.7056 247.799 0.0416632 0.991333 0.0184703 0.123218
0000000207.000000 -250.864 12.7373 245.403 0.0415325 0.991203 0.0183542 0.124318
0000000208.000000 -250.236 12.7634 243.013 0.0427752 0.990632 0.0140059 0.128924
0000000209.000000 -249.593 12.7781 240.602 0.0426484 0.990494 0.0138935 0.130036
0000000210.000000 -248.932 12.7931 238.215 0.0425214 0.990354 0.013782 0.131154
0000000211.000000 -248.281 12.8015 235.831 0.0423943 0.990211 0.0136716 0.132277
0000000212.000000 -247.616 12.8109 233.457 0.0435351 0.989385 0.0115755 0.138161
0000000213.000000 -246.913 12.8029 231.112 0.0445464 0.988481 0.0103329 0.14427
0000000214.000000 -246.544 12.7995 229.931 0.0444208 0.988322 0.0102292 0.145405
0000000215.000000 -245.835 12.7964 227.571 0.0463021 0.987268 0.0142365 0.151511
0000000216.000000 -245.085 12.8014 225.203 0.0484758 0.986316 0.0133196 0.157012
0000000217.000000 -244.297 12.7849 222.864 0.0483768 0.985653 0.00968561 0.161411
0000000218.000000 -243.483 12.7613 220.526 0.0482485 0.985471 0.00959313 0.162562
0000000219.000000 -242.666 12.743 218.195 0.04812 0.985287 0.00950193 0.163716
0000000220.000000 -241.875 12.7136 215.882 0.0479911 0.985101 0.00941216 0.164874
0000000221.000000 -241.058 12.6824 213.576 0.0478619 0.984913 0.00932384 0.166035
0000000222.000000 -240.247 12.6634 211.276 0.0477323 0.984724 0.00923677 0.1672
0000000223.000000 -239.419 12.635 208.99 0.0476025 0.984532 0.00915108 0.168368
0000000224.000000 -238.603 12.6083 206.692 0.0474723 0.984338 0.00906674 0.16954
0000000225.000000 -237.768 12.5826 204.402 0.0464194 0.983433 0.011056 0.174881
0000000226.000000 -237.334 12.5712 203.263 0.0462857 0.98323 0.010973 0.176056
0000000227.000000 -236.467 12.5509 200.991 0.0421782 0.982502 0.00819399 0.181229
0000000228.000000 -235.578 12.5217 198.732 0.0395482 0.981586 0.00640332 0.186773
0000000229.000000 -235.125 12.5097 197.613 0.0394177 0.981367 0.00631665 0.187952
0000000230.000000 -234.667 12.4877 196.492 0.0392871 0.981146 0.0062307 0.189132
0000000231.000000 -234.204 12.4726 195.373 0.0391562 0.980923 0.00614537 0.190312
0000000232.000000 -233.747 12.4573 194.293 0.0390252 0.980699 0.00606064 0.191494
0000000233.000000 -232.833 12.4188 192.056 0.0393606 0.979382 0.0051496 0.198077
0000000234.000000 -231.884 12.3775 189.824 0.0390485 0.97813 0.00427966 0.204251
0000000235.000000 -231.404 12.3532 188.747 0.0389172 0.977888 0.00420009 0.205434
0000000236.000000 -230.437 12.3025 186.597 0.0387855 0.977644 0.00412201 0.206618
0000000237.000000 -229.467 12.2648 184.429 0.0404874 0.976405 0.00604388 0.212032
0000000238.000000 -228.47 12.2166 182.275 0.0429538 0.97518 0.00649302 0.217109
0000000239.000000 -227.449 12.168 180.128 0.0444826 0.973908 0.00830969 0.222384
0000000240.000000 -226.419 12.1217 178.016 0.0457313 0.972707 0.00576654 0.227414
0000000241.000000 -225.343 12.0729 175.883 0.0455934 0.972436 0.00570653 0.228596
0000000242.000000 -224.257 12.0199 173.749 0.0454551 0.972165 0.00564796 0.229778
0000000243.000000 -223.162 11.9716 171.603 0.0446291 0.970921 0.00349651 0.235178
0000000244.000000 -222.045 11.9068 169.468 0.046961 0.969547 0.0017731 0.240353
0000000245.000000 -220.918 11.8401 167.321 0.0502536 0.967871 0.00361863 0.246349
0000000246.000000 -219.726 11.7658 165.168 0.051025 0.966386 0.0018695 0.251974
0000000247.000000 -219.124 11.7272 164.095 0.050887 0.966087 0.00182788 0.253146
0000000248.000000 -217.906 11.6531 161.975 0.0495592 0.964704 0.00420868 0.258596
0000000249.000000 -217.282 11.6116 160.912 0.049417 0.964398 0.00416875 0.259763
0000000250.000000 -216.647 11.5788 159.852 0.0492745 0.964091 0.00412954 0.260929
0000000251.000000 -216.016 11.5469 158.811 0.0491318 0.963783 0.00409105 0.262093
0000000252.000000 -215.391 11.5008 157.769 0.0489887 0.963473 0.00405348 0.263255
0000000253.000000 -214.759 11.4616 156.717 0.0488454 0.963163 0.00401673 0.264416
0000000254.000000 -213.497 11.3844 154.629 0.0487016 0.962851 0.00398163 0.265574
0000000255.000000 -212.24 11.3128 152.539 0.046396 0.961631 0.00506864 0.270348
0000000256.000000 -210.941 11.2424 150.467 0.0462495 0.961314 0.00503454 0.271499
0000000257.000000 -209.665 11.1713 148.405 0.047503 0.959815 0.00331046 0.276562
0000000258.000000 -208.365 11.0916 146.372 0.0466008 0.958538 -9.60598e-05 0.281128
0000000259.000000 -207.705 11.0446 145.367 0.0464584 0.95821 -0.000124238 0.282269
0000000260.000000 -206.393 10.952 143.361 0.0472928 0.956601 0.00153576 0.287534
0000000261.000000 -205.071 10.8609 141.372 0.0475397 0.954642 0.00061104 0.293934
0000000262.000000 -203.702 10.7708 139.39 0.0455656 0.952997 0.00298016 0.29952
0000000263.000000 -202.324 10.6921 137.425 0.0486013 0.950936 0.00422865 0.305519
0000000264.000000 -200.927 10.6155 135.493 0.0491271 0.948854 0.0046926 0.311835
0000000265.000000 -199.482 10.5388 133.566 0.0463178 0.946991 0.00486979 0.317866
0000000266.000000 -198.017 10.4602 131.657 0.0488337 0.945008 0.0025192 0.32337
0000000267.000000 -196.541 10.3732 129.751 0.0507087 0.943152 0.00192003 0.328465
0000000268.000000 -195.011 10.2767 127.834 0.0505562 0.942783 0.00191838 0.329547
0000000269.000000 -193.468 10.1764 125.911 0.0513325 0.940969 0.0036075 0.334559
0000000270.000000 -191.914 10.0836 124.003 0.0541311 0.938987 0.00104738 0.339665
0000000271.000000 -190.322 9.97703 122.105 0.0529425 0.937159 -0.000752104 0.344862
0000000272.000000 -188.685 9.85556 120.222 0.0497431 0.935561 -0.00274336 0.349632
0000000273.000000 -187.033 9.73031 118.364 0.0487531 0.93362 -0.00174154 0.354929
0000000274.000000 -185.354 9.60622 116.497 0.0486 0.933236 -0.00172992 0.355957
0000000275.000000 -184.508 9.54701 115.563 0.0484466 0.932853 -0.00171734 0.356981
0000000276.000000 -182.819 9.42111 113.712 0.0470821 0.930802 -0.000609091 0.362478
0000000277.000000 -181.126 9.30213 111.856 0.048397 0.928591 -0.00253289 0.367927
0000000278.000000 -178.458 9.11208 109.066 0.0472485 0.925761 -0.00062357 0.375145
0000000279.000000 -176.662 8.98553 107.234 0.0435436 0.924062 -0.00203426 0.379748
0000000280.000000 -174.82 8.85966 105.403 0.0402491 0.922752 -0.00534969 0.383248
0000000281.000000 -172.96 8.72437 103.565 0.0400945 0.922363 -0.00532812 0.384201
0000000282.000000 -171.118 8.59278 101.735 0.0399393 0.921977 -0.00530442 0.385143
0000000283.000000 -169.235 8.46275 99.9127 0.0397833 0.921594 -0.00527863 0.386074
0000000284.000000 -167.355 8.33066 98.0784 0.0396266 0.921215 -0.0052507 0.386995
0000000285.000000 -165.454 8.20295 96.243 0.0394693 0.920839 -0.0052207 0.387904
0000000286.000000 -163.549 8.07772 94.4071 0.0348065 0.92063 -0.00430849 0.388857
0000000287.000000 -161.66 7.95015 92.5767 0.0346469 0.920261 -0.00427871 0.389745
0000000288.000000 -159.784 7.82262 90.7227 0.0437825 0.919955 -0.00189483 0.389566
0000000289.000000 -157.912 7.6916 88.8699 0.0491209 0.919848 0.00122249 0.389186
0000000290.000000 -156.059 7.56811 87.0414 0.0489544 0.919493 0.00127209 0.390043
0000000291.000000 -154.173 7.44753 85.2338 0.0487872 0.919143 0.00132356 0.39089
0000000292.000000 -152.283 7.31733 83.4262 0.0486195 0.918795 0.00137703 0.391726
0000000293.000000 -150.39 7.18983 81.601 0.0484511 0.918452 0.0014325 0.392552
0000000294.000000 -148.514 7.057 79.7935 0.0482821 0.918112 0.00149004 0.393367
0000000295.000000 -146.632 6.94016 78.0011 0.0481126 0.917776 0.00154941 0.394171
0000000296.000000 -144.767 6.82635 76.2312 0.0479424 0.917443 0.00161056 0.394965
0000000297.000000 -142.87 6.70526 74.4481 0.0477716 0.917114 0.00167359 0.395748
0000000298.000000 -140.983 6.58667 72.6833 0.0476003 0.916789 0.00173849 0.396521
0000000299.000000 -139.121 6.467 70.9141 0.0474283 0.916468 0.00180528 0.397283
0000000300.000000 -137.221 6.34791 69.1399 0.0472558 0.916151 0.00187394 0.398034
0000000301.000000 -135.311 6.23048 67.3664 0.0470826 0.915838 0.00194446 0.398774
0000000302.000000 -133.397 6.10783 65.6042 0.0469088 0.915528 0.00201691 0.399504
0000000303.000000 -131.485 5.98302 63.8274 0.0467345 0.915223 0.00209135 0.400222
0000000304.000000 -129.594 5.87504 62.065 0.0465596 0.914922 0.00216752 0.40093
0000000305.000000 -127.678 5.76171 60.2999 0.046384 0.914625 0.00224552 0.401627
0000000306.000000 -125.754 5.64093 58.549 0.0462079 0.914332 0.00232544 0.402313
0000000307.000000 -123.837 5.52106 56.8256 0.0430746 0.91438 -0.00163132 0.402555
0000000308.000000 -122.882 5.45588 55.9578 0.0429005 0.914093 -0.0015507 0.403225
0000000309.000000 -120.971 5.32418 54.2278 0.0427257 0.913811 -0.00146793 0.403884
0000000310.000000 -119.056 5.19896 52.5021 0.0425502 0.913532 -0.0013831 0.404533
0000000311.000000 -118.103 5.12884 51.6421 0.0423744 0.913256 -0.00129713 0.405175
0000000312.000000 -117.151 5.0646 50.7827 0.0421983 0.912981 -0.0012101 0.405812
0000000313.000000 -115.237 4.9415 49.0425 0.0420216 0.912711 -0.001121 0.406438
0000000314.000000 -113.321 4.80833 47.3185 0.0418442 0.912445 -0.00102969 0.407053
0000000315.000000 -112.352 4.75325 46.4483 0.0416664 0.912181 -0.000937442 0.407663
0000000316.000000 -110.397 4.64083 44.7154 0.0389233 0.911973 0.00317505 0.408388
0000000317.000000 -108.455 4.5363 42.9993 0.0387417 0.911717 0.00326937 0.408974
0000000318.000000 -106.533 4.45575 41.2523 0.0385596 0.911467 0.00336519 0.409549
0000000319.000000 -104.581 4.36982 39.5193 0.0383769 0.91122 0.00346258 0.410113
0000000320.000000 -102.623 4.27151 37.7773 0.0381937 0.910979 0.00356174 0.410666
0000000321.000000 -101.645 4.22092 36.9141 0.0380101 0.910739 0.0036618 0.411213
0000000322.000000 -99.704 4.13816 35.204 0.037826 0.910504 0.00376341 0.411748
0000000323.000000 -97.7392 4.04413 33.471 0.0376414 0.910274 0.00386674 0.412273
0000000324.000000 -95.7738 3.94863 31.7389 0.0374561 0.910049 0.00397184 0.412786
0000000325.000000 -93.7833 3.86124 30.0027 0.0372704 0.909829 0.00407859 0.413287
0000000326.000000 -91.7877 3.77335 28.2692 0.037084 0.909613 0.004187 0.413777
0000000327.000000 -89.8324 3.68848 26.5559 0.0368971 0.909403 0.00429704 0.414255
0000000328.000000 -87.8388 3.59946 24.8422 0.0367096 0.909197 0.00440877 0.414721
0000000329.000000 -85.8377 3.50919 23.1106 0.0365215 0.908997 0.00452223 0.415176
0000000330.000000 -83.8327 3.41713 21.3865 0.0363329 0.908801 0.00463746 0.415619
0000000331.000000 -81.8346 3.32016 19.6643 0.0361437 0.908611 0.00475454 0.416049
0000000332.000000 -79.8483 3.22002 17.9703 0.0359539 0.908426 0.00487353 0.416469
0000000333.000000 -77.8328 3.14516 16.2517 0.0357636 0.908246 0.00499405 0.416876
0000000334.000000 -75.8556 3.05364 14.5747 0.0355726 0.908071 0.00511636 0.417271
0000000335.000000 -73.8733 2.97257 12.8832 0.0353811 0.907902 0.00524032 0.417654
0000000336.000000 -71.9262 2.88266 11.2152 0.0351891 0.907737 0.00536608 0.418026
0000000337.000000 -69.9852 2.79235 9.54713 0.0349965 0.907578 0.00549366 0.418386
0000000338.000000 -68.042 2.70609 7.88532 0.0348033 0.907424 0.005623 0.418735
0000000339.000000 -66.0956 2.63203 6.20848 0.0346096 0.907275 0.00575393 0.419072
0000000340.000000 -65.1275 2.59841 5.37368 0.0344156 0.907128 0.00588563 0.419404
0000000341.000000 -63.1948 2.50503 3.72991 0.0375452 0.907388 0.002391 0.418607
0000000342.000000 -61.2791 2.40337 2.08589 0.0373513 0.907253 0.00252755 0.418916
0000000343.000000 -60.328 2.36002 1.27744 0.037157 0.90712 0.00266498 0.41922
0000000344.000000 -58.4324 2.25186 -0.324324 0.036962 0.906993 0.00280454 0.419512
0000000345.000000 -57.5017 2.19328 -1.10413 0.0367668 0.906868 0.00294521 0.419798
0000000346.000000 -55.6546 2.10112 -2.6816 0.036571 0.906748 0.00308778 0.420073
0000000347.000000 -53.8519 1.98914 -4.19634 0.0363746 0.906633 0.00323254 0.420337
0000000348.000000 -52.0778 1.89621 -5.67173 0.0361776 0.906523 0.00337918 0.42059
0000000349.000000 -50.3558 1.79102 -7.10831 0.03598 0.906418 0.0035279 0.420833
0000000350.000000 -48.6446 1.70372 -8.53782 0.0357818 0.906317 0.00367843 0.421065
0000000351.000000 -46.99 1.617 -9.94183 0.0355832 0.906221 0.00383079 0.421286
0000000352.000000 -45.3925 1.54147 -11.2783 0.035384 0.90613 0.00398477 0.421498
0000000353.000000 -43.8475 1.46302 -12.5663 0.0351843 0.906043 0.00414042 0.421701
0000000354.000000 -42.3705 1.38067 -13.7949 0.032279 0.904351 0.00492007 0.425539
0000000355.000000 -41.6591 1.34934 -14.3704 0.032079 0.904268 0.00507837 0.425728
0000000356.000000 -40.9617 1.31545 -14.9252 0.0318788 0.904188 0.00523741 0.425911
0000000357.000000 -39.6048 1.24468 -16.0123 0.0312207 0.900844 0.00363296 0.433003
0000000358.000000 -38.2865 1.16908 -17.0252 0.0308487 0.895146 0.0021046 0.4447
0000000359.000000 -37.6298 1.13561 -17.4885 0.0294447 0.891424 0.00208253 0.452209
0000000360.000000 -36.319 1.06977 -18.377 0.0278503 0.881843 0.00187298 0.470716
0000000361.000000 -34.9949 1.00388 -19.1553 0.0251439 0.86932 0.000720612 0.493608
0000000362.000000 -33.6486 0.945298 -19.8304 0.0221264 0.853309 3.6236e-05 0.520936
0000000363.000000 -32.2952 0.885079 -20.3868 0.0180898 0.832489 -0.00353641 0.553735
0000000364.000000 -30.9116 0.835132 -20.8223 0.0138623 0.807085 -0.00542777 0.590247
0000000365.000000 -29.5258 0.768472 -21.1131 0.00892908 0.779191 -0.00792851 0.626673
0000000366.000000 -28.1383 0.728384 -21.271 0.0078508 0.746431 -0.00768156 0.665372
0000000367.000000 -26.7565 0.679373 -21.2646 0.00412102 0.710351 -0.00666435 0.703804
0000000368.000000 -24.7472 0.615782 -20.9914 0.00442286 0.651768 -0.0103484 0.758335
0000000369.000000 -23.4759 0.578571 -20.6334 0.00363766 0.610631 -0.0115853 0.791822
0000000370.000000 -22.2383 0.544101 -20.1384 -0.00143288 0.568798 -0.0134721 0.822366
0000000371.000000 -20.5294 0.495638 -19.1972 -0.00568536 0.512642 -0.0179531 0.858396
0000000372.000000 -18.9194 0.463019 -18.1316 -0.00474721 0.478528 -0.0280115 0.877612
0000000373.000000 -17.3352 0.413313 -17.042 -0.0045813 0.467665 -0.0265829 0.883494
0000000374.000000 -15.7521 0.357451 -15.9624 -0.00465198 0.467772 -0.0263157 0.883445
0000000375.000000 -14.2325 0.300713 -14.9519 -0.00414204 0.473849 -0.0234184 0.880285
0000000376.000000 -12.7559 0.250648 -14.0271 -0.00136323 0.483328 -0.018824 0.875236
0000000377.000000 -11.3783 0.190457 -13.1826 0.000741125 0.49248 -0.016999 0.870157
0000000378.000000 -9.66292 0.114907 -12.211 0.00175932 0.503402 -0.0120868 0.863966
0000000379.000000 -7.87035 0.0445538 -11.2385 0.000908469 0.514617 -0.0102611 0.857358
0000000380.000000 -5.85415 -0.0253837 -10.1877 0.00894019 0.516617 -0.0107145 0.856103
0000000381.000000 -4.07078 -0.105387 -8.94733 0.0140636 0.450263 -0.0162976 0.892636
0000000382.000000 -2.79146 -0.17531 -7.64239 0.00568233 0.371791 -0.0143305 0.928188
0000000383.000000 -1.72254 -0.209465 -6.0978 0.0013121 0.294061 -0.0125359 0.955703
0000000384.000000 -0.927781 -0.209216 -4.49694 0.000105916 0.22248 -0.00846692 0.9749
0000000385.000000 -0.433294 -0.202304 -3.03535 -0.00388531 0.166987 -0.00267286 0.985948
0000000386.000000 -0.0421591 -0.201073 -1.34103 -0.00422343 0.107971 0.00618206 0.994126
0000000387.000000 0.17343 -0.188827 0.544016 -0.00317429 0.0559937 0.00639901 0.998406
0000000388.000000 0.257094 -0.176697 1.91947 -0.00340348 0.0297115 0.00859499 0.999516
0000000389.000000 0.259525 -0.160941 4.12568 -0.00463527 -0.00119008 0.0071957 0.999963
0000000390.000000 0.161345 -0.14427 6.50109 -0.00524396 -0.0145049 0.00231203 0.999878
0000000391.000000 0.0783704 -0.126667 9.04504 -0.00518427 -0.0139919 0.00259564 0.999885
0000000392.000000 -0.0201796 -0.115722 11.7233 -0.00216702 -0.0143666 -0.000490726 0.999894
0000000393.000000 -0.0858709 -0.107164 13.5997 -0.00211236 -0.0138228 -0.00020879 0.999902
0000000394.000000 -0.150379 -0.104258 15.5105 -0.00205912 -0.0132664 7.31312e-05 0.99991
0000000395.000000 -0.211282 -0.115206 17.4456 -0.00116039 -0.0141141 0.000351116 0.9999
0000000396.000000 -0.279616 -0.118617 19.4368 -0.00196614 -0.0192488 0.00165756 0.999811
0000000397.000000 -0.381703 -0.116266 21.4757 -0.00527875 -0.0238877 0.00213363 0.999698
0000000398.000000 -0.552323 -0.111402 24.5837 -0.00155873 -0.0285942 0.000805122 0.99959
0000000399.000000 -0.762732 -0.118431 27.7958 -0.00616666 -0.0315152 0.00244355 0.999481
0000000400.000000 -0.899691 -0.120709 29.972 -0.00643017 -0.0330883 0.00295602 0.999427
0000000401.000000 -1.0541 -0.125227 32.1163 -0.00642473 -0.0333376 0.00348888 0.999417
0000000402.000000 -1.21806 -0.11691 34.3183 -0.00757893 -0.0311581 -0.00016053 0.999486
0000000403.000000 -1.35065 -0.0994737 36.5056 -0.00704865 -0.0286825 0.000393945 0.999564
0000000404.000000 -1.55984 -0.0854727 39.8073 -0.00661674 -0.0212056 -0.00470063 0.999742
0000000405.000000 -1.66079 -0.0803823 42.0636 -0.00628757 -0.0190645 -0.00413474 0.99979
0000000406.000000 -1.80081 -0.0595263 45.4755 -0.00605528 -0.0171988 -0.00357086 0.999827
0000000407.000000 -1.88257 -0.0614574 47.7541 -0.0058678 -0.0155084 -0.003009 0.999858
0000000408.000000 -1.95304 -0.0523215 50.0584 -0.00574016 -0.013985 -0.00244836 0.999883
0000000409.000000 -1.99829 -0.0405436 52.3703 -0.00567585 -0.0126009 -0.00188823 0.999903
0000000410.000000 -2.0506 -0.030108 54.7057 -0.0106409 -0.00954702 0.000984554 0.999897
0000000411.000000 -2.12093 -0.000197301 58.2513 -0.00439014 -0.00878349 -0.00115509 0.999951
0000000412.000000 -2.18377 -0.000620045 60.6211 -0.00510561 -0.00979765 -0.000947677 0.999939
0000000413.000000 -2.23643 0.00529373 63.0021 -0.00609097 -0.0121671 -0.000748993 0.999907
0000000414.000000 -2.30038 0.00831625 65.339 -0.00738955 -0.013688 -0.000881091 0.999879
0000000415.000000 -2.38749 0.0235819 67.6871 -0.00787653 -0.0142339 -0.000992574 0.999867
0000000416.000000 -2.45745 0.016182 70.0153 -0.000434015 -0.014352 -0.00154614 0.999896
0000000417.000000 -2.52167 -0.0221285 72.3261 0.000215998 -0.0132915 -0.00162 0.99991
0000000418.000000 -2.60977 -0.0684757 75.8151 0.000946024 -0.0106881 0.00445403 0.999933
0000000419.000000 -2.68956 -0.0981368 79.3402 -0.00644799 -0.00971943 0.00263888 0.999928
0000000420.000000 -2.75626 -0.0970593 81.6563 -0.00644799 -0.00971943 0.00263888 0.999928
0000000421.000000 -2.82382 -0.110753 83.9194 -0.000673985 -0.00928291 -0.000892792 0.999956
0000000422.000000 -2.87496 -0.142376 87.3184 -0.00651665 -0.00793757 0.00359057 0.999941
0000000423.000000 -2.89719 -0.137936 89.5732 -0.00765904 -0.00730084 0.00846053 0.999908
0000000424.000000 -2.92352 -0.136626 91.8178 -0.00391817 -0.00670552 0.0111772 0.999907
