0000000001.000000 -7.42972e-19 3.54428e-18 -6.30867e-18 -4.11966e-17 -3.69814e-17 5.31983e-18 1
0000000002.000000 -0.0153997 0.000647544 0.724355 -2.16386e-05 -1.12262e-05 3.28607e-06 1
0000000003.000000 -0.0327721 -0.00576708 2.22513 0.00067518 -0.00445016 -0.00039591 0.99999
0000000004.000000 -0.0722755 -0.0124628 3.77717 0.000193055 -0.00904134 -0.00179005 0.999958
0000000005.000000 -0.152134 -0.0238376 6.19763 -0.00220467 -0.0143293 -0.00197426 0.999893
0000000006.000000 -0.246452 -0.0277347 8.68851 -0.00221923 -0.0143387 -0.00197058 0.999893
0000000007.000000 -0.335314 -0.0396147 11.2714 -0.00223152 -0.0143475 -0.00196684 0.999893
0000000008.000000 -0.429251 -0.052569 13.937 -0.00224148 -0.0143557 -0.00196305 0.999893
0000000009.000000 -0.531004 -0.0594632 16.6457 -0.00224905 -0.0143632 -0.00195921 0.999892
0000000010.000000 -0.585211 -0.0692642 18.4809 -0.00225501 -0.0143702 -0.00195533 0.999892
0000000011.000000 -0.645375 -0.0726715 20.3357 -0.00225934 -0.0143768 -0.00195143 0.999892
0000000012.000000 -0.72975 -0.085931 23.1531 -0.00226119 -0.0143828 -0.00194748 0.999892
0000000013.000000 -0.806445 -0.11082 26.0015 -0.00226057 -0.0143881 -0.00194349 0.999892
0000000014.000000 -0.86345 -0.108392 27.9587 -0.00626814 -0.0147437 0.000955553 0.999871
0000000015.000000 -0.910734 -0.109824 29.9188 -0.00426335 -0.0161267 0.00588482 0.999844
0000000016.000000 -1.03055 -0.119328 32.8759 -0.00425668 -0.0161305 0.0058889 0.999843
0000000017.000000 -1.09008 -0.129726 34.8236 -0.00424831 -0.0161337 0.00589301 0.999843
0000000018.000000 -1.20169 -0.140836 37.7364 -0.00818039 -0.0167953 0.00211535 0.999823
0000000019.000000 -1.31686 -0.124207 40.725 -0.00816676 -0.0167972 0.00211957 0.999823
0000000020.000000 -1.39265 -0.123252 42.7045 -0.00815139 -0.0167985 0.00212383 0.999823
0000000021.000000 -1.51786 -0.118412 45.6529 -0.0081334 -0.0167991 0.00212816 0.999824
0000000022.000000 -1.6348 -0.0976623 48.5817 -0.00811278 -0.016799 0.00213255 0.999824
0000000023.000000 -1.72832 -0.0961483 51.4519 -0.00808962 -0.0167982 0.00213699 0.999824
0000000024.000000 -1.82191 -0.0745606 54.3027 -0.0131373 -0.0182949 0.00536801 0.999732
0000000025.000000 -1.93983 -0.0432743 57.0852 -0.00821153 -0.0200015 0.00289231 0.999762
0000000026.000000 -2.08335 -0.0418044 59.807 -0.00753853 -0.0215636 -0.00154653 0.999738
0000000027.000000 -2.21222 -0.0420349 62.4284 -0.00750556 -0.0215599 -0.00154197 0.999738
0000000028.000000 -2.33899 -0.0456744 64.9163 -0.0074704 -0.0215555 -0.00153734 0.999739
0000000029.000000 -2.50056 -0.039276 68.0263 -0.00934965 -0.0242202 -0.00644673 0.999642
0000000030.000000 -2.61843 -0.0461697 70.1484 -0.00221456 -0.0258123 -0.00668854 0.999642
0000000031.000000 -2.72665 -0.0772289 72.0884 -0.00217312 -0.0258058 -0.00668389 0.999642
0000000032.000000 -2.83999 -0.109619 74.4699 0.00142415 -0.0213291 -0.00465629 0.999761
0000000033.000000 -2.87845 -0.142431 76.6262 -0.00394585 -0.00684333 -0.00125126 0.999968
0000000034.000000 -2.78129 -0.156953 78.5892 -0.00502486 0.0342446 -0.00389422 0.999393
0000000035.000000 -2.42466 -0.169438 80.3703 -0.00719949 0.10534 -0.00364246 0.994404
0000000036.000000 -1.54061 -0.187899 82.2345 -0.00382072 0.239197 -0.00595295 0.970945
0000000037.000000 0.12386 -0.214058 83.8082 -0.00299722 0.4231 -0.00460764 0.906066
0000000038.000000 2.18666 -0.250548 84.6456 0.00204385 0.566525 -0.00287191 0.824037
0000000039.000000 3.67843 -0.27861 84.9471 0.00407909 0.626003 -0.0015135 0.779808
0000000040.000000 5.27383 -0.320658 85.1053 0.0127325 0.664322 -0.00289847 0.747332
0000000041.000000 6.59697 -0.350197 85.188 0.0126749 0.684038 -0.00489926 0.72932
0000000042.000000 8.05141 -0.396978 85.2101 0.0123693 0.698293 -0.000807329 0.715705
0000000043.000000 9.64397 -0.436644 85.2005 0.0153661 0.706706 0.00103924 0.707339
0000000044.000000 11.384 -0.481306 85.1641 0.0174505 0.712301 0.00193202 0.701655
0000000045.000000 12.6428 -0.512509 85.1315 0.0174927 0.71229 0.00196397 0.701665
0000000046.000000 14.6659 -0.565382 85.0849 0.0206279 0.712959 0.00599216 0.700877
0000000047.000000 16.8361 -0.618575 85.0551 0.0224283 0.709144 0.00797973 0.704662
0000000048.000000 19.9469 -0.695222 85.0912 0.0190867 0.703761 0.00862048 0.710128
0000000049.000000 22.3626 -0.766804 85.1479 0.0185416 0.700934 0.000959338 0.712985
0000000050.000000 24.8233 -0.84735 85.221 0.0180297 0.700984 0.000531546 0.712949
0000000051.000000 27.2974 -0.945125 85.2719 0.0173996 0.700974 0.000215706 0.712975
0000000052.000000 30.5512 -1.06593 85.3463 0.0129864 0.703492 -0.00355176 0.710576
0000000053.000000 32.9673 -1.14608 85.3479 0.0100339 0.709943 -0.00305257 0.704181
0000000054.000000 35.3623 -1.21876 85.2848 0.0108648 0.720123 -0.00252866 0.693756
0000000055.000000 36.936 -1.27226 85.1949 0.0104899 0.727705 -0.00187301 0.685807
0000000056.000000 38.4842 -1.31932 85.071 0.0112359 0.735233 -0.00220079 0.677718
0000000057.000000 40.7635 -1.39585 84.8286 0.0124995 0.745071 -0.00253316 0.666863
0000000058.000000 43.0092 -1.46875 84.5379 0.0133069 0.754184 -0.0015611 0.656526
0000000059.000000 45.1479 -1.53757 84.2013 0.0146855 0.759702 0.00296069 0.650098
0000000060.000000 46.5164 -1.58101 83.9846 0.0148032 0.759863 0.00296265 0.649908
0000000061.000000 47.8126 -1.61948 83.7714 0.014969 0.760121 0.00291266 0.649602
0000000062.000000 49.6287 -1.69054 83.5087 0.0163793 0.755188 0.00206013 0.6553
0000000063.000000 51.8121 -1.78098 83.3282 0.0163852 0.734106 -0.00120194 0.678836
0000000064.000000 53.8491 -1.86717 83.3909 0.0152453 0.690435 -0.00434753 0.723221
0000000065.000000 55.7852 -1.94621 83.7983 0.00642503 0.61759 -0.00379746 0.786465
0000000066.000000 57.1857 -1.98514 84.3791 0.0105166 0.541691 -0.00398829 0.840503
0000000067.000000 57.9895 -2.02265 84.9155 0.0142092 0.482929 -0.00647368 0.87552
0000000068.000000 58.6822 -2.04769 85.5462 0.0154638 0.420426 -0.00911654 0.907149
0000000069.000000 59.2788 -2.07649 86.2716 0.0128739 0.357624 -0.00836012 0.933739
0000000070.000000 59.9628 -2.111 87.5018 0.00314103 0.265191 -0.00612992 0.964171
0000000071.000000 60.6598 -2.15068 89.7055 -0.00327055 0.159138 -0.0145916 0.987143
0000000072.000000 61.3747 -2.17119 92.6564 -0.00184097 0.124358 -0.0217212 0.991998
0000000073.000000 61.9447 -2.20109 94.7915 0.00701578 0.129233 -0.0204038 0.991379
0000000074.000000 62.5946 -2.24537 97.1557 -0.000604948 0.138418 -0.0210275 0.99015
0000000075.000000 63.3384 -2.27994 99.6664 0.00240706 0.141802 -0.0148062 0.989781
0000000076.000000 63.9004 -2.30563 101.668 0.00541538 0.138875 -0.0163593 0.99016
0000000077.000000 64.4901 -2.34699 103.81 -0.00119904 0.135954 -0.0167959 0.990572
0000000078.000000 65.0728 -2.37321 106.028 0.00524003 0.131051 -0.0190449 0.991179
0000000079.000000 65.869 -2.43128 109.132 0.00144078 0.125746 -0.0139537 0.991963
0000000080.000000 66.4823 -2.46314 111.525 0.00143727 0.125715 -0.0139515 0.991967
0000000081.000000 67.5111 -2.54694 115.64 0.00133371 0.130638 -0.0258102 0.991093
0000000082.000000 68.1946 -2.59935 118.115 0.00379549 0.132351 -0.0184024 0.991025
0000000083.000000 69.0742 -2.67773 121.436 -0.00343029 0.13514 -0.0230873 0.990552
0000000084.000000 69.9911 -2.75836 124.682 0.00780004 0.134956 -0.0169002 0.990677
0000000085.000000 70.6509 -2.80127 127.122 -0.00714492 0.133308 -0.0153077 0.990931
0000000086.000000 71.483 -2.86833 130.3 0.00416667 0.129467 -0.0165227 0.991437
0000000087.000000 72.0703 -2.93434 132.698 0.00528859 0.123843 -0.0191237 0.992103
0000000088.000000 72.6341 -2.99983 135.071 0.00151666 0.121217 -0.0223998 0.992372
0000000089.000000 73.0131 -3.04068 136.639 0.00151396 0.121197 -0.0223975 0.992375
0000000090.000000 73.3896 -3.06943 138.196 0.0045555 0.115549 -0.0184785 0.993119
0000000091.000000 73.7449 -3.0891 139.767 -0.00181081 0.109023 -0.0167608 0.993896
0000000092.000000 74.2139 -3.11233 142.142 -0.00589922 0.102993 -0.0203725 0.994456
0000000093.000000 74.7717 -3.15178 145.286 -0.000606401 0.089225 -0.0218272 0.995772
0000000094.000000 75.2349 -3.19768 148.509 0.00284926 0.0720105 -0.0252547 0.99708
0000000095.000000 75.6094 -3.22971 151.781 -0.006214 0.0571518 -0.0282214 0.997947
0000000096.000000 75.8407 -3.25058 154.217 0.00060487 0.0507577 -0.0331932 0.998159
0000000097.000000 76.0498 -3.27066 156.715 -0.00634637 0.0464851 -0.0354391 0.99827
0000000098.000000 76.3217 -3.28595 159.982 -0.000597699 0.0358423 -0.0267081 0.999
0000000099.000000 76.4852 -3.29536 163.298 -0.00796386 0.022159 -0.0203811 0.999515
0000000100.000000 76.6072 -3.31879 167.481 -0.000889538 0.00561634 -0.0089817 0.999943
0000000101.000000 76.5613 -3.3158 170.844 -0.00451548 -0.00227572 -0.0170821 0.999841
0000000102.000000 76.5166 -3.33361 174.226 -0.00451722 -0.00228165 -0.0170794 0.999841
0000000103.000000 76.4964 -3.34984 177.595 0.00344356 -0.00540083 -0.0116046 0.999912
0000000104.000000 76.4403 -3.39398 181.005 -0.00382798 -0.00822705 -0.0105051 0.999904
0000000105.000000 76.3572 -3.42964 184.378 -0.000278412 -0.00877749 -0.0150093 0.999849
0000000106.000000 76.2795 -3.45614 186.873 -0.00312627 -0.00932397 -0.0202087 0.999747
0000000107.000000 76.2381 -3.47274 188.502 0.00144974 -0.0100157 -0.0206106 0.999736
0000000108.000000 76.1931 -3.48077 190.117 -0.00335912 -0.0117327 -0.0211866 0.999701
0000000109.000000 76.1139 -3.50032 193.21 -0.00336043 -0.0117322 -0.0211838 0.999701
0000000110.000000 76.0751 -3.5364 195.284 0.00356015 -0.0100645 -0.0176742 0.999787
0000000111.000000 76.0226 -3.57522 198.002 -0.00497927 0.0012627 -0.0224868 0.999734
0000000112.000000 76.0962 -3.61721 201.226 0.00641532 0.0185153 -0.0237791 0.999525
0000000113.000000 76.2888 -3.67704 204.458 -0.000962922 0.0294851 -0.0175594 0.999411
0000000114.000000 76.4455 -3.71053 207.713 0.00218318 0.0285623 -0.0251723 0.999273
0000000115.000000 76.5571 -3.74366 210.36 -0.000238037 0.0220134 -0.0255206 0.999432
0000000116.000000 76.645 -3.75068 213.072 -0.00802362 0.015083 -0.0209836 0.999634
0000000117.000000 76.7519 -3.7535 216.564 -0.007137 0.00995196 -0.00708705 0.9999
0000000118.000000 76.8349 -3.75496 219.329 -0.00428306 0.00789484 0.00167183 0.999958
0000000119.000000 76.8622 -3.76535 221.414 -0.00428363 0.0079053 0.00167471 0.999958
0000000120.000000 76.8851 -3.78073 222.768 0.00416552 0.00783109 0.00359305 0.999954
0000000121.000000 76.9049 -3.81262 224.772 0.00416507 0.00784275 0.00359585 0.999954
0000000122.000000 76.944 -3.85234 226.634 -0.00384204 0.00719965 0.00446178 0.999957
0000000123.000000 76.9193 -3.88379 229.436 -0.00038286 -0.0133208 0.0128593 0.999829
0000000124.000000 76.6013 -3.92579 231.899 -0.00281345 -0.0764444 0.0154492 0.99695
0000000125.000000 75.8257 -3.95532 234.015 0.00491997 -0.185262 0.00151612 0.982676
0000000126.000000 74.2455 -3.96316 236.011 -0.00184457 -0.349433 -0.0289979 0.936511
0000000127.000000 72.8623 -3.90905 236.964 -0.0122122 -0.451709 -0.0402671 0.891172
0000000128.000000 70.9493 -3.7746 237.725 -0.0117486 -0.574662 -0.0276886 0.817838
0000000129.000000 69.6029 -3.70734 237.966 -0.0131423 -0.63146 -0.0275545 0.774807
0000000130.000000 68.1318 -3.63786 238.078 -0.0115616 -0.671624 -0.0264021 0.740332
0000000131.000000 66.5714 -3.56512 238.086 -0.00844235 -0.695307 -0.0266366 0.71817
0000000132.000000 64.2707 -3.46006 238.064 -0.00470416 -0.707778 -0.0272619 0.705893
0000000133.000000 61.6671 -3.35355 238.04 -0.0047025 -0.707771 -0.0272595 0.7059
0000000134.000000 59.5265 -3.26316 238.037 -0.00470084 -0.707764 -0.027257 0.705907
0000000135.000000 57.1774 -3.16087 238.026 -0.00469917 -0.707758 -0.0272545 0.705914
0000000136.000000 54.6405 -3.05212 238.021 -0.00469748 -0.707752 -0.027252 0.70592
0000000137.000000 51.9901 -2.93844 238.008 -0.0102221 -0.706463 -0.029693 0.707053
0000000138.000000 49.3329 -2.8268 238 -0.0102204 -0.706458 -0.0296903 0.707058
0000000139.000000 46.6756 -2.7013 237.991 -0.0161506 -0.70914 -0.0309044 0.704205
0000000140.000000 44.0252 -2.55146 237.953 -0.0184604 -0.712061 -0.0300302 0.701233
0000000141.000000 41.4096 -2.40993 237.873 -0.0184587 -0.712058 -0.0300274 0.701235
0000000142.000000 38.7997 -2.27448 237.811 -0.0119624 -0.713113 -0.0313202 0.700247
0000000143.000000 37.0803 -2.18939 237.775 -0.0119607 -0.713112 -0.0313173 0.700248
0000000144.000000 35.3831 -2.11086 237.745 -0.0119589 -0.713111 -0.0313145 0.700249
0000000145.000000 33.7004 -2.03529 237.72 -0.0159293 -0.711829 -0.0295286 0.701551
0000000146.000000 32.0384 -1.95467 237.704 -0.0159276 -0.711829 -0.0295257 0.701551
0000000147.000000 30.3793 -1.87259 237.681 -0.0159258 -0.71183 -0.0295228 0.701551
0000000148.000000 27.9043 -1.74327 237.624 -0.0189848 -0.712327 -0.0338968 0.700772
0000000149.000000 24.654 -1.54445 237.525 -0.0142524 -0.717115 -0.0316232 0.696091
0000000150.000000 22.2653 -1.4197 237.409 -0.0130242 -0.721885 -0.0341233 0.691048
0000000151.000000 20.6822 -1.33349 237.312 -0.0118749 -0.724789 -0.0382933 0.687804
0000000152.000000 18.3773 -1.20186 237.143 -0.00641768 -0.726972 -0.0423392 0.685331
0000000153.000000 16.1617 -1.08053 236.992 -0.00641577 -0.726976 -0.042336 0.685326
0000000154.000000 13.3766 -0.932048 236.816 -0.00468505 -0.725261 -0.0458048 0.686933
0000000155.000000 11.4685 -0.831424 236.704 -0.00330048 -0.722165 -0.0459162 0.690187
0000000156.000000 10.2638 -0.766364 236.655 -0.00329853 -0.722171 -0.045913 0.690181
0000000157.000000 9.11207 -0.700694 236.608 -0.00329658 -0.722177 -0.0459097 0.690175
0000000158.000000 8.0363 -0.646204 236.571 -0.00329461 -0.722184 -0.0459065 0.690168
0000000159.000000 7.03176 -0.591967 236.539 -0.00409902 -0.719143 -0.0456262 0.69335
0000000160.000000 4.80145 -0.471637 236.494 -0.00654266 -0.710616 -0.0464741 0.702013
0000000161.000000 2.14767 -0.323253 236.573 -0.00763287 -0.695492 -0.0428781 0.717213
0000000162.000000 -0.466903 -0.212858 236.774 0.00441436 -0.668902 -0.0292132 0.742763
0000000163.000000 -2.48142 -0.174552 237.38 -0.00219217 -0.585777 -0.0282451 0.809977
0000000164.000000 -4.14309 -0.137432 238.477 -0.00563683 -0.458031 -0.0341978 0.88826
0000000165.000000 -5.12456 -0.115748 239.66 0.00354025 -0.34469 -0.0303852 0.938218
0000000166.000000 -5.87982 -0.120076 241.258 0.00409548 -0.222106 -0.0250401 0.974692
0000000167.000000 -6.25463 -0.139227 242.687 0.00850238 -0.141724 -0.0215896 0.989634
0000000168.000000 -6.48024 -0.177267 244.323 0.00998366 -0.0782044 -0.0206624 0.996673
0000000169.000000 -6.61303 -0.220124 246.119 0.00973276 -0.0379794 -0.0170808 0.999085
0000000170.000000 -6.70562 -0.284823 248.755 0.0108004 -0.0145171 -0.0156883 0.999713
0000000171.000000 -6.73917 -0.345214 250.883 0.0117134 -0.00790279 -0.0146113 0.999793
0000000172.000000 -6.76492 -0.385055 252.403 0.0117125 -0.0079121 -0.0146076 0.999793
0000000173.000000 -6.81385 -0.455545 254.745 0.0117117 -0.00792061 -0.0146038 0.999793
0000000174.000000 -6.85423 -0.507473 256.383 0.0165241 -0.00955272 -0.0149477 0.999706
0000000175.000000 -6.93053 -0.58308 258.946 0.0165234 -0.00955981 -0.0149439 0.999706
0000000176.000000 -6.99096 -0.682384 261.625 0.010042 -0.00948086 -0.011548 0.999838
0000000177.000000 -7.05154 -0.770698 264.396 0.0194878 -0.0118209 -0.00931374 0.999697
0000000178.000000 -7.12768 -0.903072 267.296 0.0194874 -0.0118252 -0.0093098 0.999697
0000000179.000000 -7.20939 -1.03163 270.282 0.0148948 -0.0111089 -0.00857618 0.999791
0000000180.000000 -7.26112 -1.11013 272.303 0.0148945 -0.0111115 -0.00857222 0.999791
0000000181.000000 -7.29451 -1.18214 274.357 0.0148943 -0.0111134 -0.00856824 0.999791
0000000182.000000 -7.35594 -1.25924 276.436 0.0148942 -0.0111146 -0.00856424 0.999791
0000000183.000000 -7.40466 -1.35224 278.523 0.0185294 -0.0132339 -0.00662615 0.999719
0000000184.000000 -7.4824 -1.45403 280.62 0.0185295 -0.0132337 -0.00662211 0.999719
0000000185.000000 -7.55015 -1.55087 282.727 0.0185296 -0.0132328 -0.00661804 0.999719
0000000186.000000 -7.63321 -1.64224 284.829 0.0144113 -0.0143825 -0.00842915 0.999757
0000000187.000000 -7.70732 -1.72993 286.933 0.0144116 -0.0143802 -0.00842504 0.999757
0000000188.000000 -7.76787 -1.82834 288.996 0.014412 -0.0143773 -0.0084209 0.999757
0000000189.000000 -7.87046 -1.96023 292.073 0.0144124 -0.0143733 -0.00841674 0.999757
0000000190.000000 -7.97926 -2.07718 295.144 0.014413 -0.0143683 -0.00841255 0.999757
