0000000001.000000 -92.4764 0.918126 218.933 0.00665454 0.286607 0.0117283 0.957953
0000000002.000000 -91.852 0.894049 220.331 0.00683128 0.217256 0.00823528 0.976056
0000000003.000000 -91.2126 0.8452 222.748 -0.0011833 0.132182 -0.00935233 0.991181
0000000004.000000 -90.559 0.803632 225.746 -0.000476494 0.113826 -0.0176242 0.993344
0000000005.000000 -89.6901 0.752751 228.549 -0.00468355 0.171419 -0.0116889 0.985118
0000000006.000000 -88.0773 0.719136 230.903 0.00154652 0.342506 -0.0079799 0.939481
0000000007.000000 -86.4747 0.687956 231.943 0.00161053 0.478712 0.00515469 0.877955
0000000008.000000 -85.454 0.696879 232.347 0.00206887 0.542848 0.00304218 0.839823
0000000009.000000 -83.9123 0.687813 232.735 -0.00143089 0.611381 0.00573698 0.791314
0000000010.000000 -82.1848 0.677527 232.961 0.00389414 0.652922 0.00451544 0.757401
0000000011.000000 -80.1959 0.66136 233.147 0.0077986 0.675989 -8.87124e-05 0.736871
0000000012.000000 -78.5175 0.641248 233.238 0.00933146 0.684215 0.00472833 0.729206
0000000013.000000 -76.7025 0.61879 233.353 0.00933146 0.684215 0.00472833 0.729206
0000000014.000000 -74.0513 0.589591 233.517 0.0104845 0.687072 0.00221956 0.726511
0000000015.000000 -71.1471 0.545154 233.672 0.0101169 0.690524 0.000111722 0.723239
0000000016.000000 -68.8317 0.49357 233.772 0.0101169 0.690524 0.000111722 0.723239
0000000017.000000 -65.6359 0.42023 233.893 0.0116681 0.693488 0.00217329 0.72037
0000000018.000000 -64.0022 0.376247 233.959 0.0116681 0.693488 0.00217329 0.72037
0000000019.000000 -61.4826 0.315575 234.061 0.0125903 0.695376 -0.00197665 0.718533
0000000020.000000 -58.8803 0.243947 234.153 0.0125903 0.695376 -0.00197665 0.718533
0000000021.000000 -56.2457 0.167242 234.247 0.01413 0.692006 0.00206231 0.72175
0000000022.000000 -53.6138 0.080051 234.39 0.015607 0.688988 -0.000512039 0.724605
0000000023.000000 -51.8633 0.0149564 234.486 0.015607 0.688988 -0.000512039 0.724605
0000000024.000000 -50.1125 -0.0433721 234.589 0.015607 0.688988 -0.000512039 0.724605
0000000025.000000 -47.5068 -0.127035 234.738 0.0132985 0.687003 0.00391748 0.726522
0000000026.000000 -44.9662 -0.212931 234.897 0.020515 0.685944 -0.00264239 0.727361
0000000027.000000 -42.4318 -0.308626 235.045 0.013897 0.686455 0.00399966 0.727029
0000000028.000000 -39.9505 -0.389874 235.187 0.019333 0.68593 0.00372805 0.727401
0000000029.000000 -38.3021 -0.451469 235.296 0.019333 0.68593 0.00372805 0.727401
0000000030.000000 -35.9057 -0.543706 235.438 0.019333 0.68593 0.00372805 0.727401
0000000031.000000 -32.7505 -0.654743 235.645 0.019333 0.68593 0.00372805 0.727401
0000000032.000000 -29.7437 -0.771386 235.851 0.019333 0.68593 0.00372805 0.727401
0000000033.000000 -26.9251 -0.881853 236.052 0.0167092 0.685409 -0.00163683 0.727965
0000000034.000000 -24.865 -0.959186 236.189 0.0167092 0.685409 -0.00163683 0.727965
0000000035.000000 -22.8588 -1.04154 236.298 0.0167092 0.685409 -0.00163683 0.727965
0000000036.000000 -20.9785 -1.12616 236.408 0.0186301 0.687903 -0.00383554 0.725553
0000000037.000000 -18.7253 -1.23127 236.511 0.0165961 0.694154 -0.00346508 0.719627
0000000038.000000 -16.3191 -1.34832 236.524 0.015932 0.708006 -0.00247744 0.706022
0000000039.000000 -14.33 -1.42963 236.435 0.0152474 0.72508 -0.00112559 0.688495
0000000040.000000 -12.2791 -1.51644 236.16 0.0190439 0.753257 0.00669397 0.657417
0000000041.000000 -10.4423 -1.57408 235.624 0.0242841 0.802195 0.00707857 0.596526
0000000042.000000 -8.66023 -1.63004 234.661 0.027233 0.870792 0.00177434 0.490893
0000000043.000000 -7.63038 -1.66373 233.742 0.0220258 0.913811 -0.000546882 0.405542
0000000044.000000 -6.90628 -1.67241 232.756 0.0237851 0.943972 -0.000372888 0.329168
0000000045.000000 -6.48095 -1.67805 231.977 0.0250296 0.961851 -0.00206802 0.27242
0000000046.000000 -5.97034 -1.70067 230.62 0.0249968 0.982201 -0.000814092 0.186162
0000000047.000000 -5.69051 -1.69889 229.034 0.0288871 0.993253 0.00351626 0.112254
0000000048.000000 -5.4804 -1.68488 227.218 0.0283796 0.997764 0.00804197 0.0599681
0000000049.000000 -5.34809 -1.65957 225.233 0.0286914 0.99911 0.00836387 0.0297823
0000000050.000000 -5.28588 -1.61146 222.239 0.0308411 0.999449 0.0111552 0.00505455
0000000051.000000 -5.28924 -1.56717 219.789 0.0320305 0.999416 0.0119107 -0.000786908
0000000052.000000 -5.29524 -1.53323 218.08 0.0320305 0.999416 0.0119107 -0.000786908
0000000053.000000 -5.2841 -1.47773 215.381 0.0320305 0.999416 0.0119107 -0.000786908
0000000054.000000 -5.28153 -1.44557 213.487 0.0320305 0.999416 0.0119107 -0.000786908
0000000055.000000 -5.2754 -1.41216 211.524 0.0320305 0.999416 0.0119107 -0.000786908
0000000056.000000 -5.25877 -1.37793 209.512 0.0320305 0.999416 0.0119107 -0.000786908
0000000057.000000 -5.23439 -1.33734 207.448 0.0320305 0.999416 0.0119107 -0.000786908
0000000058.000000 -5.21485 -1.30601 205.338 0.0320305 0.999416 0.0119107 -0.000786908
0000000059.000000 -5.20231 -1.266 203.167 0.0320305 0.999416 0.0119107 -0.000786908
0000000060.000000 -5.19737 -1.22854 200.956 0.0320305 0.999416 0.0119107 -0.000786908
0000000061.000000 -5.19011 -1.19655 198.719 0.0320305 0.999416 0.0119107 -0.000786908
0000000062.000000 -5.17867 -1.16443 196.459 0.0320305 0.999416 0.0119107 -0.000786908
0000000063.000000 -5.18094 -1.12973 194.185 0.0320305 0.999416 0.0119107 -0.000786908
0000000064.000000 -5.18596 -1.09511 191.876 0.0320305 0.999416 0.0119107 -0.000786908
0000000065.000000 -5.17775 -1.06572 189.566 0.0320305 0.999416 0.0119107 -0.000786908
0000000066.000000 -5.17558 -1.02841 187.225 0.0320305 0.999416 0.0119107 -0.000786908
0000000067.000000 -5.17061 -0.997337 184.874 0.0320305 0.999416 0.0119107 -0.000786908
0000000068.000000 -5.18217 -0.964757 182.497 0.0320305 0.999416 0.0119107 -0.000786908
0000000069.000000 -5.18365 -0.924357 180.087 0.0320305 0.999416 0.0119107 -0.000786908
0000000070.000000 -5.18582 -0.884414 177.659 0.0320305 0.999416 0.0119107 -0.000786908
0000000071.000000 -5.20122 -0.851821 175.206 0.0320305 0.999416 0.0119107 -0.000786908
0000000072.000000 -5.21347 -0.822801 172.716 0.0320305 0.999416 0.0119107 -0.000786908
0000000073.000000 -5.22323 -0.789633 170.211 0.0320305 0.999416 0.0119107 -0.000786908
0000000074.000000 -5.22178 -0.74882 167.652 0.0320305 0.999416 0.0119107 -0.000786908
0000000075.000000 -5.21446 -0.713659 165.098 0.0320305 0.999416 0.0119107 -0.000786908
0000000076.000000 -5.21778 -0.684281 162.538 0.0320305 0.999416 0.0119107 -0.000786908
0000000077.000000 -5.22061 -0.648655 159.949 0.0320305 0.999416 0.0119107 -0.000786908
0000000078.000000 -5.22274 -0.610804 157.359 0.0320305 0.999416 0.0119107 -0.000786908
0000000079.000000 -5.21119 -0.579521 154.768 0.0320305 0.999416 0.0119107 -0.000786908
0000000080.000000 -5.21204 -0.543881 152.162 0.0320305 0.999416 0.0119107 -0.000786908
0000000081.000000 -5.21608 -0.515555 149.535 0.0320305 0.999416 0.0119107 -0.000786908
0000000082.000000 -5.20946 -0.489314 146.924 0.0320305 0.999416 0.0119107 -0.000786908
0000000083.000000 -5.20589 -0.460804 144.318 0.0320305 0.999416 0.0119107 -0.000786908
0000000084.000000 -5.19909 -0.436156 141.734 0.0320305 0.999416 0.0119107 -0.000786908
0000000085.000000 -5.19281 -0.409897 139.15 0.0320305 0.999416 0.0119107 -0.000786908
0000000086.000000 -5.17807 -0.385045 136.588 0.0320305 0.999416 0.0119107 -0.000786908
0000000087.000000 -5.17167 -0.348063 134.043 0.0320305 0.999416 0.0119107 -0.000786908
0000000088.000000 -5.16588 -0.319868 131.488 0.0320305 0.999416 0.0119107 -0.000786908
0000000089.000000 -5.1608 -0.29748 128.943 0.0320305 0.999416 0.0119107 -0.000786908
0000000090.000000 -5.16287 -0.273245 126.417 0.0320305 0.999416 0.0119107 -0.000786908
0000000091.000000 -5.16134 -0.250431 123.919 0.0320305 0.999416 0.0119107 -0.000786908
0000000092.000000 -5.15497 -0.230868 121.445 0.0320305 0.999416 0.0119107 -0.000786908
0000000093.000000 -5.14814 -0.220106 119.028 0.0320305 0.999416 0.0119107 -0.000786908
0000000094.000000 -5.14999 -0.207169 116.676 0.0320305 0.999416 0.0119107 -0.000786908
0000000095.000000 -5.15396 -0.190748 113.257 0.0320305 0.999416 0.0119107 -0.000786908
0000000096.000000 -5.15582 -0.187637 111.094 0.0320305 0.999416 0.0119107 -0.000786908
0000000097.000000 -5.17592 -0.172901 107.982 0.0320305 0.999416 0.0119107 -0.000786908
0000000098.000000 -5.18008 -0.160822 105.997 0.0320305 0.999416 0.0119107 -0.000786908
0000000099.000000 -5.1769 -0.153369 104.124 0.0320305 0.999416 0.0119107 -0.000786908
0000000100.000000 -5.17698 -0.14521 101.512 0.0320305 0.999416 0.0119107 -0.000786908
0000000101.000000 -5.17326 -0.13934 99.8961 0.0320305 0.999416 0.0119107 -0.000786908
0000000102.000000 -5.17978 -0.132389 97.6355 0.037309 0.999215 0.0122485 0.00527284
0000000103.000000 -5.13361 -0.129122 96.2395 0.0407061 0.998893 0.0125803 0.0199162
0000000104.000000 -4.82741 -0.135274 93.7445 0.0435885 0.996139 0.0116077 0.0753115
0000000105.000000 -4.36976 -0.153188 92.0761 0.037849 0.990228 0.00944113 0.133888
0000000106.000000 -3.69411 -0.173963 90.5883 0.0273777 0.978648 0.00840671 0.203539
0000000107.000000 -2.50083 -0.191308 88.8542 0.0125611 0.951163 0.00921641 0.308295
0000000108.000000 -1.00929 -0.207643 87.4475 0.0117243 0.906934 0.00962293 0.421
0000000109.000000 0.326611 -0.210334 86.6997 0.00985726 0.865402 0.00770305 0.500922
0000000110.000000 2.26739 -0.244647 86.0847 0.0100263 0.805067 0.00352889 0.593089
0000000111.000000 3.78676 -0.264231 85.8667 0.00563413 0.767548 -0.00132394 0.640965
0000000112.000000 5.34425 -0.315616 85.7221 0.00965271 0.744119 -0.0046625 0.667961
0000000113.000000 6.9817 -0.350665 85.6031 0.0129753 0.732175 -0.00516843 0.680973
0000000114.000000 8.71023 -0.400653 85.5064 0.0104056 0.727895 -0.00256471 0.685605
0000000115.000000 10.5652 -0.448826 85.3913 0.014391 0.727338 -0.000320222 0.686129
0000000116.000000 11.8765 -0.480787 85.3125 0.014391 0.727338 -0.000320222 0.686129
0000000117.000000 13.9547 -0.53141 85.1787 0.0179156 0.726489 0.00351775 0.686935
0000000118.000000 16.1838 -0.582485 85.0563 0.0217408 0.721892 0.00711909 0.691627
0000000119.000000 18.5479 -0.634954 85.0091 0.0231685 0.712217 0.0100011 0.701505
0000000120.000000 21.0164 -0.689435 85.0666 0.0216897 0.700917 0.00862884 0.712861
0000000121.000000 23.5898 -0.764849 85.192 0.0215168 0.691605 0.000860492 0.721955
0000000122.000000 26.1944 -0.8676 85.3619 0.0158129 0.691711 -0.00149698 0.722
0000000123.000000 28.7677 -0.963073 85.4636 0.0137045 0.699217 -0.00506741 0.714761
0000000124.000000 31.3533 -1.06462 85.4701 0.0106878 0.711098 -0.00597273 0.702987
0000000125.000000 33.9054 -1.15669 85.3775 0.0119026 0.723783 -0.00557591 0.689903
0000000126.000000 35.6053 -1.21418 85.2634 0.0130158 0.732103 -0.00449098 0.681055
0000000127.000000 37.2886 -1.2704 85.1107 0.0137581 0.739438 -0.00292272 0.673077
0000000128.000000 38.9677 -1.3319 84.9263 0.015194 0.743829 -0.00220573 0.668194
0000000129.000000 40.6458 -1.38984 84.7344 0.0151868 0.744105 -0.00254945 0.667885
0000000130.000000 42.3697 -1.44616 84.5494 0.0151096 0.744181 -0.00282437 0.667801
0000000131.000000 45.0068 -1.52173 84.298 0.0149196 0.743932 -0.00298817 0.668082
0000000132.000000 46.7965 -1.58243 84.1271 0.0146563 0.743462 -0.0030828 0.66861
0000000133.000000 48.5778 -1.64206 83.9402 0.0143211 0.742781 -0.00310751 0.669374
0000000134.000000 51.24 -1.74072 83.6594 0.00890389 0.748692 -0.00900571 0.662797
0000000135.000000 53.8727 -1.84497 83.2846 0.00874394 0.764674 -0.0150177 0.644182
0000000136.000000 55.6257 -1.91506 82.9195 0.00806564 0.77765 -0.0103565 0.62856
0000000137.000000 58.1772 -2.01682 82.2432 0.0123001 0.797422 -0.00683967 0.603259
0000000138.000000 59.8363 -2.08814 81.7086 0.0142652 0.809427 -0.00307867 0.587039
0000000139.000000 62.2717 -2.16781 80.7968 0.0176603 0.822449 0.000399281 0.568565
0000000140.000000 63.9102 -2.19789 80.1483 0.0119016 0.827397 0.00930216 0.561414
0000000141.000000 66.3799 -2.22738 79.1565 0.0181386 0.829414 0.00437729 0.558323
0000000142.000000 68.8615 -2.30155 78.1575 0.0181386 0.829414 0.00437729 0.558323
0000000143.000000 70.5528 -2.33271 77.4561 0.0156806 0.83137 0.00869293 0.55543
0000000144.000000 72.2569 -2.35772 76.7337 0.0149843 0.835782 0.00951784 0.548774
0000000145.000000 73.953 -2.37688 75.9606 0.0169298 0.843005 0.00779019 0.537583
0000000146.000000 75.6515 -2.40982 75.1169 0.0186643 0.850975 0.00514193 0.52485
0000000147.000000 78.1885 -2.47612 73.7586 0.023011 0.859602 0.00171986 0.510444
0000000148.000000 79.9124 -2.52166 72.8081 0.0218188 0.861658 0.00556548 0.506989
0000000149.000000 81.6397 -2.56344 71.8425 0.0218188 0.861658 0.00556548 0.506989
0000000150.000000 83.3707 -2.6088 70.882 0.0218188 0.861658 0.00556548 0.506989
0000000151.000000 85.084 -2.65616 69.9472 0.0218188 0.861658 0.00556548 0.506989
0000000152.000000 86.8068 -2.70956 69.0004 0.0180951 0.865008 0.00351741 0.50142
0000000153.000000 89.2951 -2.77229 67.5256 0.013126 0.873401 0.00507333 0.486799
0000000154.000000 91.684 -2.82647 65.9637 0.0110896 0.883507 0.00454623 0.468265
0000000155.000000 93.9835 -2.88221 64.3039 0.0111599 0.893981 0.00216037 0.447961
0000000156.000000 95.458 -2.91833 63.1496 0.0107511 0.900604 0.00392273 0.43449
0000000157.000000 96.8772 -2.94712 61.9631 0.0125079 0.906423 0.00501195 0.422156
0000000158.000000 98.2589 -2.97122 60.7537 0.0160383 0.910174 0.00679156 0.413859
0000000159.000000 99.6085 -2.99872 59.5577 0.0182528 0.911869 0.0080718 0.409995
0000000160.000000 100.926 -3.02493 58.3862 0.0182528 0.911869 0.0080718 0.409995
0000000161.000000 102.206 -3.04541 57.2761 0.0182528 0.911869 0.0080718 0.409995
0000000162.000000 103.413 -3.07499 56.2327 0.0197031 0.909153 0.00888267 0.415901
0000000163.000000 104.577 -3.10634 55.2682 0.0192827 0.906537 0.00924809 0.421585
0000000164.000000 106.206 -3.14002 53.9368 0.0193425 0.903805 0.0086196 0.42742
0000000165.000000 108.302 -3.20018 52.1934 0.0250826 0.905907 0.00403093 0.422715
0000000166.000000 110.333 -3.24762 50.4491 0.0180325 0.910595 0.0125501 0.412716
0000000167.000000 112.348 -3.26855 48.672 0.0177432 0.913441 0.00451886 0.406559
0000000168.000000 113.913 -3.303 47.2639 0.0177432 0.913441 0.00451886 0.406559
0000000169.000000 115.555 -3.3144 45.8035 0.0154089 0.910582 0.012971 0.412837
0000000170.000000 117.288 -3.31351 44.3797 0.0126574 0.905278 0.00995455 0.424514
0000000171.000000 118.515 -3.32376 43.428 0.00651864 0.902253 0.00733821 0.431096
0000000172.000000 119.771 -3.3253 42.473 0.00144362 0.90069 -0.00328434 0.434447
0000000173.000000 121.062 -3.34574 41.4946 -0.00203402 0.899673 -0.00688722 0.436505
0000000174.000000 122.391 -3.36799 40.4649 -0.00203402 0.899673 -0.00688722 0.436505
0000000175.000000 123.756 -3.39842 39.3929 -0.00203402 0.899673 -0.00688722 0.436505
0000000176.000000 125.155 -3.43215 38.3055 -0.00203402 0.899673 -0.00688722 0.436505
0000000177.000000 126.564 -3.4585 37.1681 -0.00203402 0.899673 -0.00688722 0.436505
0000000178.000000 128.043 -3.48868 36.0256 -0.00203402 0.899673 -0.00688722 0.436505
0000000179.000000 130.298 -3.54095 34.2544 -0.00557477 0.900817 -0.00348835 0.434149
0000000180.000000 133.338 -3.57097 31.8612 -0.0111175 0.901389 -0.00505326 0.432837
0000000181.000000 134.856 -3.59266 30.6777 -0.0111175 0.901389 -0.00505326 0.432837
0000000182.000000 137.13 -3.63271 28.8738 -0.003843 0.899071 -0.00180053 0.437782
0000000183.000000 138.652 -3.64958 27.6769 0.00484361 0.897615 0.00134503 0.440753
0000000184.000000 140.162 -3.67746 26.535 0.00484361 0.897615 0.00134503 0.440753
0000000185.000000 141.671 -3.70371 25.3826 -0.000360615 0.898078 0.00336857 0.439822
0000000186.000000 143.179 -3.71424 24.2224 -0.000360615 0.898078 0.00336857 0.439822
0000000187.000000 144.661 -3.72612 23.0929 -0.000360615 0.898078 0.00336857 0.439822
0000000188.000000 146.143 -3.74216 21.9554 0.000634067 0.899087 -0.00282896 0.437761
0000000189.000000 147.622 -3.76462 20.8015 0.00158907 0.899552 0.00180613 0.436808
0000000190.000000 149.081 -3.7783 19.6608 0.00158907 0.899552 0.00180613 0.436808
0000000191.000000 150.513 -3.79854 18.5437 0.00264147 0.899044 -0.00364075 0.437836
0000000192.000000 151.93 -3.83473 17.4533 0.00264147 0.899044 -0.00364075 0.437836
0000000193.000000 153.971 -3.89698 15.8575 0.00264147 0.899044 -0.00364075 0.437836
0000000194.000000 155.885 -3.96252 14.3391 0.00759858 0.901732 -0.00300491 0.432217
0000000195.000000 157.652 -4.01149 12.9105 0.00467694 0.90525 0.00340398 0.42484
0000000196.000000 158.699 -4.03718 12.0228 0.0112744 0.9065 -0.00348835 0.422042
0000000197.000000 160.132 -4.08726 10.8051 0.019932 0.904255 0.00200251 0.426523
0000000198.000000 161.523 -4.151 9.74205 0.0299479 0.889298 0.00690415 0.456295
0000000199.000000 163.514 -4.22163 8.6787 0.0295992 0.848732 0.00669544 0.527951
0000000200.000000 165.611 -4.3239 7.99621 0.034351 0.799882 -0.00113865 0.599173
0000000201.000000 167.335 -4.40289 7.73615 0.0271949 0.762277 -0.00126129 0.646678
0000000202.000000 169.131 -4.47468 7.63149 0.0185826 0.733501 -0.00296002 0.679428
0000000203.000000 170.987 -4.55487 7.61979 0.00759947 0.720429 -0.0121365 0.693381
0000000204.000000 172.915 -4.62099 7.56797 0.00589282 0.719034 -0.0158387 0.694769
0000000205.000000 174.899 -4.70131 7.48575 0.00417227 0.72374 -0.0141676 0.689915
0000000206.000000 177.618 -4.82038 7.3181 0.0111925 0.732275 -0.0213493 0.680583
0000000207.000000 179.755 -4.9236 7.15178 0.00305151 0.739174 -0.019389 0.673229
0000000208.000000 181.919 -5.02324 6.92957 0.0086799 0.742665 -0.0197062 0.669317
0000000209.000000 183.398 -5.08901 6.78637 0.0086799 0.742665 -0.0197062 0.669317
0000000210.000000 184.896 -5.15887 6.64375 0.0086799 0.742665 -0.0197062 0.669317
0000000211.000000 186.406 -5.23885 6.49382 0.0086799 0.742665 -0.0197062 0.669317
0000000212.000000 187.166 -5.27359 6.42323 0.0086799 0.742665 -0.0197062 0.669317
0000000213.000000 188.705 -5.34657 6.2886 0.0086799 0.742665 -0.0197062 0.669317
0000000214.000000 190.236 -5.43434 6.13364 0.013163 0.742204 -0.0198814 0.66975
0000000215.000000 191.768 -5.51209 5.98482 0.0125841 0.742269 -0.024298 0.669543
0000000216.000000 193.342 -5.60817 5.82897 0.0125841 0.742269 -0.024298 0.669543
0000000217.000000 194.894 -5.70627 5.6715 0.0132357 0.743175 -0.0284983 0.668359
0000000218.000000 196.484 -5.80935 5.5085 0.0132357 0.743175 -0.0284983 0.668359
0000000219.000000 198.917 -5.9838 5.2392 0.01495 0.745181 -0.0252373 0.666217
0000000220.000000 201.365 -6.13987 4.9541 0.0153941 0.745483 -0.0186894 0.666085
0000000221.000000 203.859 -6.28947 4.67565 0.0200547 0.744788 -0.0161985 0.666803
0000000222.000000 205.533 -6.39148 4.51015 0.0200547 0.744788 -0.0161985 0.666803
0000000223.000000 207.199 -6.49308 4.34155 0.0200547 0.744788 -0.0161985 0.666803
0000000224.000000 208.847 -6.60914 4.17951 0.0253398 0.743633 -0.0232799 0.667701
0000000225.000000 210.513 -6.72748 4.01971 0.0194289 0.742799 -0.0214441 0.668889
0000000226.000000 213.037 -6.88507 3.77032 0.0194289 0.742799 -0.0214441 0.668889
0000000227.000000 215.554 -7.05731 3.52178 0.0194289 0.742799 -0.0214441 0.668889
0000000228.000000 218.117 -7.22894 3.25255 0.0211058 0.742996 -0.0171328 0.668744
0000000229.000000 220.681 -7.39727 2.97918 0.026196 0.741895 -0.0163958 0.669804
0000000230.000000 223.324 -7.5669 2.72411 0.026196 0.741895 -0.0163958 0.669804
0000000231.000000 225.977 -7.75864 2.47204 0.0229779 0.742578 -0.0202879 0.669057
0000000232.000000 227.776 -7.87234 2.2856 0.0229779 0.742578 -0.0202879 0.669057
0000000233.000000 230.435 -8.07215 1.99755 0.0292434 0.743924 -0.0194579 0.667341
0000000234.000000 233.105 -8.28644 1.73093 0.0209977 0.74573 -0.0173165 0.665692
0000000235.000000 234.885 -8.40798 1.53987 0.0209977 0.74573 -0.0173165 0.665692
0000000236.000000 236.653 -8.53993 1.3535 0.0245298 0.745748 -0.0221237 0.665409
0000000237.000000 238.42 -8.6782 1.15135 0.0245298 0.745748 -0.0221237 0.665409
