0000000001.000000 -7.75659 -1.72912 285.037 0.0103705 -0.0105679 -0.00838484 0.999855
0000000002.000000 -7.81889 -1.80457 287.505 0.0103705 -0.0105679 -0.00838484 0.999855
0000000003.000000 -7.86928 -1.89793 289.982 0.014822 -0.00965598 -0.00808712 0.999811
0000000004.000000 -7.91961 -1.99808 292.457 0.014822 -0.00965598 -0.00808712 0.999811
0000000005.000000 -7.9812 -2.09306 294.968 0.014822 -0.00965598 -0.00808712 0.999811
0000000006.000000 -8.0525 -2.18074 297.484 0.0101137 -0.00908905 -0.0105459 0.999852
0000000007.000000 -8.12724 -2.26483 299.993 0.0137789 -0.00882449 -0.0139986 0.999768
0000000008.000000 -8.18919 -2.3525 302.495 0.017732 -0.00918266 -0.0175384 0.999647
0000000009.000000 -8.25527 -2.47163 304.993 0.017732 -0.00918266 -0.0175384 0.999647
0000000010.000000 -8.31406 -2.57888 307.54 0.017732 -0.00918266 -0.0175384 0.999647
0000000011.000000 -8.37471 -2.69185 310.075 0.017732 -0.00918266 -0.0175384 0.999647
0000000012.000000 -8.44044 -2.80668 312.612 0.017732 -0.00918266 -0.0175384 0.999647
0000000013.000000 -8.51708 -2.92585 315.152 0.017732 -0.00918266 -0.0175384 0.999647
0000000014.000000 -8.56329 -3.05319 317.683 0.017732 -0.00918266 -0.0175384 0.999647
0000000015.000000 -8.628 -3.17182 320.198 0.017732 -0.00918266 -0.0175384 0.999647
0000000016.000000 -8.68813 -3.29666 322.719 0.017732 -0.00918266 -0.0175384 0.999647
0000000017.000000 -8.74814 -3.41526 325.212 0.017732 -0.00918266 -0.0175384 0.999647
0000000018.000000 -8.80862 -3.53533 327.704 0.017732 -0.00918266 -0.0175384 0.999647
0000000019.000000 -8.85214 -3.63332 330.2 0.0145745 -0.0100051 -0.0143825 0.99974
0000000020.000000 -8.90574 -3.75426 332.648 0.0169805 -0.011088 -0.0103617 0.999741
0000000021.000000 -8.96658 -3.87023 335.051 0.0169805 -0.011088 -0.0103617 0.999741
0000000022.000000 -9.01191 -3.97685 337.412 0.0169805 -0.011088 -0.0103617 0.999741
0000000023.000000 -9.10322 -4.14578 340.847 0.0169805 -0.011088 -0.0103617 0.999741
0000000024.000000 -9.16949 -4.26094 343.033 0.0169805 -0.011088 -0.0103617 0.999741
0000000025.000000 -9.24156 -4.42356 346.213 0.0169805 -0.011088 -0.0103617 0.999741
0000000026.000000 -9.30649 -4.57881 349.234 0.0169805 -0.011088 -0.0103617 0.999741
0000000027.000000 -9.34021 -4.6784 351.173 0.0169805 -0.011088 -0.0103617 0.999741
0000000028.000000 -9.36948 -4.77139 353.02 0.0169805 -0.011088 -0.0103617 0.999741
0000000029.000000 -9.41278 -4.86187 354.769 0.0169805 -0.011088 -0.0103617 0.999741
0000000030.000000 -9.44802 -4.95449 356.403 0.0210544 -0.00927449 -0.0110797 0.999674
0000000031.000000 -9.47773 -5.04425 357.947 0.0210544 -0.00927449 -0.0110797 0.999674
0000000032.000000 -9.51854 -5.17409 360.069 0.0210544 -0.00927449 -0.0110797 0.999674
0000000033.000000 -9.60082 -5.29247 361.944 0.0236809 -0.0176381 -0.0148118 0.999454
0000000034.000000 -9.78877 -5.42972 364.148 0.0220173 -0.0456697 -0.0177981 0.998555
0000000035.000000 -10.4626 -5.54955 366.494 0.0128376 -0.155372 -0.0191385 0.987587
0000000036.000000 -11.4796 -5.57501 368.024 -0.00219239 -0.287817 -0.0281276 0.95727
0000000037.000000 -13.2655 -5.49579 369.452 -0.0134042 -0.464495 -0.0345608 0.884799
0000000038.000000 -15.6976 -5.34743 370.171 -0.0166831 -0.634088 -0.0203637 0.772813
0000000039.000000 -17.3717 -5.245 370.157 -0.0197727 -0.705871 -0.0247474 0.707631
0000000040.000000 -19.0855 -5.13292 369.914 -0.017572 -0.745165 -0.0305511 0.665949
0000000041.000000 -21.5436 -4.95877 369.476 -0.0186384 -0.75995 -0.0392616 0.648527
0000000042.000000 -24.2183 -4.76474 369.053 -0.0128335 -0.760437 -0.027085 0.64872
0000000043.000000 -26.4599 -4.63374 368.705 -0.0135742 -0.757663 -0.0306207 0.651786
0000000044.000000 -28.0413 -4.53439 368.46 -0.00797257 -0.75296 -0.0346836 0.657103
0000000045.000000 -29.701 -4.42931 368.247 -0.00528912 -0.74626 -0.0383025 0.664531
0000000046.000000 -31.4401 -4.31908 368.057 -0.00437128 -0.739201 -0.0439737 0.672034
0000000047.000000 -34.1877 -4.13281 367.847 -0.00445063 -0.73056 -0.042458 0.681512
0000000048.000000 -37.0999 -3.93162 367.665 -0.0103207 -0.726817 -0.0447035 0.685298
0000000049.000000 -39.0843 -3.78763 367.537 -0.0103207 -0.726817 -0.0447035 0.685298
0000000050.000000 -42.1696 -3.56892 367.35 -0.0103207 -0.726817 -0.0447035 0.685298
0000000051.000000 -44.2869 -3.4192 367.224 -0.0103207 -0.726817 -0.0447035 0.685298
0000000052.000000 -46.4241 -3.26465 367.093 -0.0103207 -0.726817 -0.0447035 0.685298
0000000053.000000 -48.582 -3.11733 366.966 -0.0103207 -0.726817 -0.0447035 0.685298
0000000054.000000 -50.7411 -2.9693 366.827 -0.0103207 -0.726817 -0.0447035 0.685298
0000000055.000000 -52.9223 -2.8118 366.683 -0.0103207 -0.726817 -0.0447035 0.685298
0000000056.000000 -55.0951 -2.65748 366.534 -0.0103207 -0.726817 -0.0447035 0.685298
0000000057.000000 -57.2564 -2.51419 366.399 -0.0103207 -0.726817 -0.0447035 0.685298
0000000058.000000 -59.4554 -2.36118 366.262 -0.0103207 -0.726817 -0.0447035 0.685298
0000000059.000000 -61.6038 -2.21578 366.124 -0.0103207 -0.726817 -0.0447035 0.685298
0000000060.000000 -63.7484 -2.07598 365.981 -0.0103207 -0.726817 -0.0447035 0.685298
0000000061.000000 -65.8871 -1.93065 365.849 -0.0103207 -0.726817 -0.0447035 0.685298
0000000062.000000 -69.0517 -1.73002 365.667 -0.00769692 -0.723474 -0.043303 0.688949
0000000063.000000 -71.1512 -1.60547 365.565 -0.00769692 -0.723474 -0.043303 0.688949
0000000064.000000 -74.24 -1.4145 365.45 -0.0108077 -0.719581 -0.0466971 0.692753
0000000065.000000 -77.1804 -1.2324 365.353 -0.0104468 -0.716425 -0.0419569 0.696323
0000000066.000000 -79.0479 -1.13176 365.3 -0.0104468 -0.716425 -0.0419569 0.696323
0000000067.000000 -81.7212 -0.981571 365.217 -0.0104468 -0.716425 -0.0419569 0.696323
0000000068.000000 -84.3331 -0.826135 365.131 -0.0146462 -0.721222 -0.0376617 0.691524
0000000069.000000 -86.938 -0.656157 364.967 -0.0158851 -0.73328 -0.0365111 0.67876
0000000070.000000 -89.5115 -0.496137 364.682 -0.00899454 -0.746211 -0.0333001 0.664815
0000000071.000000 -92.1266 -0.358046 364.314 -0.00524746 -0.751831 -0.0359256 0.658356
0000000072.000000 -94.8031 -0.212509 363.926 -0.00524746 -0.751831 -0.0359256 0.658356
0000000073.000000 -97.6209 -0.0314745 363.572 -0.0129598 -0.749094 -0.0482034 0.66058
0000000074.000000 -99.5561 0.131375 363.323 -0.00750389 -0.74541 -0.051045 0.664606
0000000075.000000 -101.545 0.300665 363.099 -0.00278744 -0.741304 -0.0482785 0.669425
0000000076.000000 -103.652 0.462883 362.913 -0.00964985 -0.73727 -0.0510697 0.673596
0000000077.000000 -105.789 0.634293 362.734 -0.00239858 -0.735114 -0.0442623 0.676493
0000000078.000000 -107.967 0.773447 362.538 -0.000565872 -0.73173 -0.0515126 0.679645
0000000079.000000 -110.203 0.91175 362.378 0.0052646 -0.728378 -0.044994 0.683677
0000000080.000000 -112.508 1.03765 362.256 0.00143046 -0.724646 -0.0404367 0.687932
0000000081.000000 -114.874 1.17316 362.155 -0.00590077 -0.720026 -0.0459337 0.6924
0000000082.000000 -117.229 1.32889 362.071 -0.00448115 -0.717013 -0.0452048 0.695578
0000000083.000000 -119.566 1.46696 362.008 -0.00448115 -0.717013 -0.0452048 0.695578
0000000084.000000 -121.911 1.61521 361.926 -0.00448115 -0.717013 -0.0452048 0.695578
0000000085.000000 -124.234 1.74574 361.851 -0.00405291 -0.718721 -0.038037 0.694246
0000000086.000000 -126.568 1.85792 361.77 -0.00861416 -0.723284 -0.0323128 0.68974
0000000087.000000 -128.887 1.97266 361.634 -0.0109187 -0.727919 -0.035662 0.684648
0000000088.000000 -131.184 2.1036 361.459 -0.00455134 -0.731294 -0.0373197 0.681025
0000000089.000000 -133.495 2.21803 361.282 -0.00455134 -0.731294 -0.0373197 0.681025
0000000090.000000 -135.808 2.3394 361.114 -0.0116449 -0.732298 -0.0399833 0.67971
0000000091.000000 -136.948 2.41132 361.023 -0.0116449 -0.732298 -0.0399833 0.67971
0000000092.000000 -139.203 2.54132 360.839 -0.00478438 -0.732656 -0.0372916 0.67956
0000000093.000000 -140.34 2.60438 360.754 -0.00478438 -0.732656 -0.0372916 0.67956
0000000094.000000 -141.476 2.65755 360.663 -0.00478438 -0.732656 -0.0372916 0.67956
0000000095.000000 -143.735 2.78392 360.506 -0.0107275 -0.734665 -0.0382871 0.677264
0000000096.000000 -145.975 2.91559 360.3 -0.0107275 -0.734665 -0.0382871 0.677264
0000000097.000000 -147.084 2.97435 360.196 -0.0107275 -0.734665 -0.0382871 0.677264
0000000098.000000 -149.285 3.09687 360.002 -0.00750496 -0.736314 -0.0357257 0.675654
0000000099.000000 -152.633 3.27167 359.696 -0.0136203 -0.737384 -0.0383727 0.674245
0000000100.000000 -154.818 3.41256 359.494 -0.0136203 -0.737384 -0.0383727 0.674245
0000000101.000000 -158.073 3.60696 359.187 -0.0136203 -0.737384 -0.0383727 0.674245
0000000102.000000 -160.2 3.72863 358.986 -0.0119541 -0.737533 -0.0329294 0.674402
0000000103.000000 -162.336 3.84483 358.79 -0.0119541 -0.737533 -0.0329294 0.674402
0000000104.000000 -164.44 3.95404 358.589 -0.0119541 -0.737533 -0.0329294 0.674402
0000000105.000000 -166.525 4.05825 358.371 -0.00469735 -0.735787 -0.0349708 0.676294
0000000106.000000 -168.651 4.16116 358.168 -0.00511992 -0.732852 -0.0384547 0.679281
0000000107.000000 -171.848 4.32708 357.963 -0.00735908 -0.728463 -0.0333101 0.684235
0000000108.000000 -174.003 4.4293 357.84 -0.00941352 -0.725659 -0.0285618 0.687397
0000000109.000000 -176.166 4.53578 357.743 -0.017399 -0.723397 -0.0286645 0.689617
0000000110.000000 -178.352 4.66503 357.645 -0.017399 -0.723397 -0.0286645 0.689617
0000000111.000000 -179.434 4.72118 357.58 -0.017399 -0.723397 -0.0286645 0.689617
0000000112.000000 -181.616 4.8452 357.455 -0.013866 -0.721295 -0.033813 0.691663
0000000113.000000 -183.836 4.97779 357.346 -0.0085576 -0.718158 -0.0357621 0.694908
0000000114.000000 -186.072 5.09878 357.257 -0.00792274 -0.714588 -0.0381674 0.698458
0000000115.000000 -188.346 5.22912 357.219 -0.00792274 -0.714588 -0.0381674 0.698458
0000000116.000000 -190.622 5.35641 357.17 -0.00792274 -0.714588 -0.0381674 0.698458
0000000117.000000 -192.894 5.47483 357.117 -0.00792274 -0.714588 -0.0381674 0.698458
0000000118.000000 -195.163 5.59331 357.064 -0.00792274 -0.714588 -0.0381674 0.698458
0000000119.000000 -197.414 5.70979 357.013 -0.00792274 -0.714588 -0.0381674 0.698458
0000000120.000000 -199.669 5.82656 356.962 -0.00792274 -0.714588 -0.0381674 0.698458
0000000121.000000 -201.898 5.94006 356.915 -0.00792274 -0.714588 -0.0381674 0.698458
0000000122.000000 -204.117 6.05964 356.867 -0.0100104 -0.711578 -0.0404252 0.701372
0000000123.000000 -206.302 6.18218 356.844 -0.00904992 -0.707552 -0.0430444 0.705291
0000000124.000000 -208.433 6.29904 356.849 -0.00711367 -0.70274 -0.0424555 0.710143
0000000125.000000 -210.502 6.4059 356.884 -0.00781637 -0.698552 -0.041654 0.714303
0000000126.000000 -212.495 6.50484 356.941 -0.00781637 -0.698552 -0.041654 0.714303
0000000127.000000 -214.454 6.60936 356.991 -0.0119373 -0.696611 -0.0429177 0.716064
0000000128.000000 -216.342 6.70947 357.052 -0.0119373 -0.696611 -0.0429177 0.716064
0000000129.000000 -218.152 6.82456 357.105 -0.00698686 -0.694803 -0.0410362 0.717995
0000000130.000000 -219.895 6.91508 357.162 -0.0116613 -0.690362 -0.0509319 0.721575
0000000131.000000 -221.534 7.02695 357.242 -0.00743774 -0.683988 -0.0509691 0.727673
0000000132.000000 -223.067 7.11278 357.378 -0.00790462 -0.675895 -0.0491834 0.735312
0000000133.000000 -225.828 7.25841 357.78 -0.00750256 -0.652463 -0.0385678 0.756801
0000000134.000000 -228.802 7.38369 358.395 -0.0182389 -0.633826 -0.0291925 0.772709
0000000135.000000 -230.381 7.46442 358.723 -0.0182389 -0.633826 -0.0291925 0.772709
0000000136.000000 -231.829 7.52748 358.98 -0.0193672 -0.642107 -0.0308676 0.765748
0000000137.000000 -233.114 7.60077 359.149 -0.0192016 -0.656134 -0.0283427 0.753868
0000000138.000000 -234.762 7.68676 359.22 -0.0184291 -0.687391 -0.0312234 0.725382
0000000139.000000 -236.337 7.77705 359.166 -0.0173183 -0.715221 -0.0343702 0.697838
0000000140.000000 -237.953 7.88135 359.019 -0.0106287 -0.728476 -0.0393496 0.683858
0000000141.000000 -238.805 7.93515 358.955 -0.0106287 -0.728476 -0.0393496 0.683858
0000000142.000000 -239.669 7.98784 358.9 -0.0106287 -0.728476 -0.0393496 0.683858
0000000143.000000 -240.952 8.06792 358.839 -0.00553637 -0.720825 -0.0427412 0.691776
0000000144.000000 -242.667 8.17212 358.848 -0.00429817 -0.705857 -0.0464803 0.706814
0000000145.000000 -245.742 8.33065 359.037 0.000453072 -0.67716 -0.045632 0.734419
0000000146.000000 -249.257 8.48988 359.136 -0.00329492 -0.733346 -0.0373855 0.678819
0000000147.000000 -251.787 8.68172 358.317 -0.0098618 -0.830467 -0.0408767 0.555478
0000000148.000000 -253.708 8.86153 357.001 0.0193752 0.902358 0.0326974 -0.429308
0000000149.000000 -254.723 8.96398 355.759 0.0263584 0.937698 0.033799 -0.344798
0000000150.000000 -255.628 9.0908 354.239 0.0342397 0.965577 0.0335104 -0.255667
0000000151.000000 -256.085 9.20361 353.069 0.0343056 0.977719 0.0340002 -0.204288
0000000152.000000 -256.495 9.30147 351.784 0.0354297 0.98562 0.0351106 -0.161445
0000000153.000000 -256.842 9.40777 350.394 0.0378588 0.991 0.035472 -0.123397
0000000154.000000 -257.117 9.51401 348.916 0.0416614 0.994365 0.030707 -0.0925224
0000000155.000000 -257.336 9.61916 347.344 0.045341 0.996462 0.0260044 -0.0658083
0000000156.000000 -257.495 9.71465 345.668 0.0512334 0.997473 0.0281619 -0.0403589
0000000157.000000 -257.559 9.81646 343.911 0.0513243 0.998058 0.0287045 -0.0205522
0000000158.000000 -257.568 9.91318 342.074 0.0447892 0.998612 0.025661 -0.0104856
0000000159.000000 -257.59 10.0677 339.13 0.0447892 0.998612 0.025661 -0.0104856
0000000160.000000 -257.633 10.1723 337.064 0.0447892 0.998612 0.025661 -0.0104856
0000000161.000000 -257.667 10.2787 334.931 0.0447892 0.998612 0.025661 -0.0104856
0000000162.000000 -257.688 10.3849 332.743 0.0447892 0.998612 0.025661 -0.0104856
0000000163.000000 -257.722 10.4819 330.514 0.0447892 0.998612 0.025661 -0.0104856
0000000164.000000 -257.75 10.575 328.241 0.0447892 0.998612 0.025661 -0.0104856
0000000165.000000 -257.778 10.6883 325.923 0.0447892 0.998612 0.025661 -0.0104856
0000000166.000000 -257.807 10.8052 323.544 0.0465571 0.998393 0.0315471 -0.00695677
0000000167.000000 -257.826 10.9293 321.159 0.0465571 0.998393 0.0315471 -0.00695677
0000000168.000000 -257.835 11.0317 318.796 0.0434912 0.998861 0.0189602 -0.00511946
0000000169.000000 -257.835 11.0951 316.431 0.0409586 0.998853 0.0247139 -0.00200192
0000000170.000000 -257.819 11.2045 314.087 0.0397581 0.998719 0.0311618 0.0029515
0000000171.000000 -257.771 11.3226 311.716 0.0399033 0.998732 0.0295699 0.00820715
0000000172.000000 -257.687 11.4248 309.39 0.0401231 0.998649 0.0300769 0.0136272
0000000173.000000 -257.619 11.5352 307.033 0.0418951 0.998438 0.0313066 0.0196399
0000000174.000000 -257.496 11.644 304.716 0.0430404 0.998254 0.0313764 0.0255255
0000000175.000000 -257.368 11.756 302.387 0.0450175 0.998013 0.0311152 0.0312285
0000000176.000000 -257.195 11.8597 300.089 0.0460308 0.997826 0.0304162 0.0360333
0000000177.000000 -257.015 11.954 297.808 0.049118 0.997534 0.0293534 0.0406343
0000000178.000000 -256.81 12.0515 295.533 0.0518284 0.997179 0.0295331 0.0455491
0000000179.000000 -256.583 12.1532 293.265 0.0535253 0.99685 0.0300069 0.0502373
0000000180.000000 -256.337 12.2391 291.019 0.0535253 0.99685 0.0300069 0.0502373
0000000181.000000 -256.083 12.33 288.768 0.0535253 0.99685 0.0300069 0.0502373
0000000182.000000 -255.83 12.4259 286.51 0.0535253 0.99685 0.0300069 0.0502373
0000000183.000000 -255.597 12.5242 284.227 0.0535253 0.99685 0.0300069 0.0502373
0000000184.000000 -255.343 12.625 281.954 0.0535253 0.99685 0.0300069 0.0502373
0000000185.000000 -255.101 12.7198 279.669 0.0535253 0.99685 0.0300069 0.0502373
0000000186.000000 -254.843 12.8172 277.372 0.0535253 0.99685 0.0300069 0.0502373
0000000187.000000 -254.722 12.8709 276.217 0.0535253 0.99685 0.0300069 0.0502373
0000000188.000000 -254.476 12.9708 273.887 0.0535253 0.99685 0.0300069 0.0502373
0000000189.000000 -254.214 13.0648 271.57 0.0535253 0.99685 0.0300069 0.0502373
0000000190.000000 -253.943 13.169 269.23 0.0535253 0.99685 0.0300069 0.0502373
0000000191.000000 -253.678 13.2746 266.875 0.0505453 0.996848 0.0287473 0.0539651
0000000192.000000 -253.53 13.3249 265.692 0.0505453 0.996848 0.0287473 0.0539651
0000000193.000000 -253.254 13.4268 263.321 0.049868 0.996613 0.0290763 0.0585639
0000000194.000000 -253.102 13.4743 262.138 0.049868 0.996613 0.0290763 0.0585639
0000000195.000000 -252.953 13.5195 260.939 0.049868 0.996613 0.0290763 0.0585639
0000000196.000000 -252.651 13.6193 258.55 0.0500961 0.996207 0.0311453 0.0639629
0000000197.000000 -252.309 13.7243 256.155 0.049031 0.995845 0.0326768 0.0694288
0000000198.000000 -251.945 13.8427 253.754 0.0481958 0.995545 0.0306708 0.0750117
0000000199.000000 -251.565 13.9398 251.347 0.0488103 0.995086 0.029202 0.0810436
0000000200.000000 -251.127 14.041 248.926 0.0476265 0.994678 0.030501 0.0861197
0000000201.000000 -250.897 14.0936 247.7 0.0476265 0.994678 0.030501 0.0861197
0000000202.000000 -250.669 14.1451 246.473 0.0476265 0.994678 0.030501 0.0861197
0000000203.000000 -250.235 14.2454 244.033 0.0496893 0.994143 0.0294704 0.0913304
0000000204.000000 -250 14.2933 242.823 0.0496893 0.994143 0.0294704 0.0913304
0000000205.000000 -249.526 14.3782 240.386 0.0529233 0.99338 0.0300615 0.097423
0000000206.000000 -249.026 14.4646 237.995 0.053275 0.992788 0.0320977 0.10249
0000000207.000000 -248.5 14.5615 235.58 0.053275 0.992788 0.0320977 0.10249
0000000208.000000 -247.975 14.6533 233.169 0.0546046 0.992483 0.0277949 0.105937
0000000209.000000 -247.441 14.7352 230.735 0.0546046 0.992483 0.0277949 0.105937
0000000210.000000 -246.894 14.817 228.324 0.0546046 0.992483 0.0277949 0.105937
0000000211.000000 -246.362 14.8931 225.913 0.0546046 0.992483 0.0277949 0.105937
0000000212.000000 -245.821 14.9705 223.511 0.0558917 0.991951 0.0257167 0.110667
0000000213.000000 -245.245 15.0296 221.135 0.0570737 0.991349 0.0244867 0.115629
0000000214.000000 -244.943 15.0601 219.936 0.0570737 0.991349 0.0244867 0.115629
0000000215.000000 -244.374 15.1262 217.541 0.0592823 0.990518 0.0284672 0.120625
0000000216.000000 -243.77 15.2007 215.135 0.0616287 0.989864 0.0275186 0.124955
0000000217.000000 -243.131 15.2528 212.753 0.0615978 0.989546 0.0239386 0.128184
0000000218.000000 -242.473 15.2981 210.369 0.0615978 0.989546 0.0239386 0.128184
0000000219.000000 -241.816 15.3491 207.989 0.0615978 0.989546 0.0239386 0.128184
0000000220.000000 -241.19 15.3897 205.628 0.0615978 0.989546 0.0239386 0.128184
0000000221.000000 -240.543 15.4286 203.27 0.0615978 0.989546 0.0239386 0.128184
0000000222.000000 -239.906 15.4802 200.917 0.0615978 0.989546 0.0239386 0.128184
0000000223.000000 -239.258 15.5223 198.576 0.0615978 0.989546 0.0239386 0.128184
0000000224.000000 -238.627 15.5677 196.222 0.0615978 0.989546 0.0239386 0.128184
0000000225.000000 -237.983 15.6141 193.872 0.0608358 0.988984 0.0259888 0.132415
0000000226.000000 -237.646 15.6385 192.702 0.0608358 0.988984 0.0259888 0.132415
0000000227.000000 -236.98 15.6904 190.365 0.056819 0.988735 0.023418 0.136476
0000000228.000000 -236.296 15.7332 188.037 0.0543235 0.988293 0.0217665 0.140898
0000000229.000000 -235.947 15.757 186.882 0.0543235 0.988293 0.0217665 0.140898
0000000230.000000 -235.597 15.7712 185.722 0.0543235 0.988293 0.0217665 0.140898
0000000231.000000 -235.243 15.7923 184.565 0.0543235 0.988293 0.0217665 0.140898
0000000232.000000 -234.895 15.8122 183.445 0.0543235 0.988293 0.0217665 0.140898
0000000233.000000 -234.212 15.8479 181.128 0.0548445 0.987495 0.0208318 0.146327
0000000234.000000 -233.5 15.8806 178.811 0.0547133 0.986762 0.0199748 0.151357
0000000235.000000 -233.137 15.8918 177.689 0.0547133 0.986762 0.0199748 0.151357
0000000236.000000 -232.408 15.9126 175.447 0.0547133 0.986762 0.0199748 0.151357
0000000237.000000 -231.685 15.9478 173.186 0.0567342 0.985946 0.0217952 0.155618
0000000238.000000 -230.937 15.9718 170.934 0.059432 0.985158 0.0220987 0.159509
0000000239.000000 -230.172 15.9954 168.684 0.0612806 0.984327 0.0238102 0.163639
0000000240.000000 -229.399 16.0202 166.465 0.0625887 0.98366 0.0211858 0.167474
0000000241.000000 -228.587 16.043 164.218 0.0625887 0.98366 0.0211858 0.167474
0000000242.000000 -227.771 16.0621 161.967 0.0625887 0.98366 0.0211858 0.167474
0000000243.000000 -226.954 16.0867 159.702 0.06185 0.983015 0.0190671 0.171734
0000000244.000000 -226.119 16.0947 157.442 0.0642795 0.98219 0.0171695 0.175716
0000000245.000000 -225.282 16.1016 155.166 0.0679148 0.981037 0.0187429 0.180563
0000000246.000000 -224.386 16.1003 152.874 0.0687929 0.980175 0.0168985 0.18504
0000000247.000000 -223.935 16.0983 151.729 0.0687929 0.980175 0.0168985 0.18504
0000000248.000000 -223.02 16.0963 149.462 0.0678593 0.979354 0.0193165 0.189441
0000000249.000000 -222.551 16.0909 148.322 0.0678593 0.979354 0.0193165 0.189441
0000000250.000000 -222.074 16.0942 147.182 0.0678593 0.979354 0.0193165 0.189441
0000000251.000000 -221.6 16.0977 146.062 0.0678593 0.979354 0.0193165 0.189441
0000000252.000000 -221.135 16.0875 144.939 0.0678593 0.979354 0.0193165 0.189441
0000000253.000000 -220.668 16.0849 143.803 0.0678593 0.979354 0.0193165 0.189441
0000000254.000000 -219.738 16.0806 141.549 0.0678593 0.979354 0.0193165 0.189441
0000000255.000000 -218.819 16.0825 139.29 0.0658664 0.978734 0.0205325 0.193183
0000000256.000000 -217.861 16.0844 137.04 0.0658664 0.978734 0.0205325 0.193183
0000000257.000000 -216.929 16.086 134.803 0.067203 0.977895 0.018653 0.197122
0000000258.000000 -215.975 16.0775 132.587 0.0662424 0.977316 0.0152801 0.200581
0000000259.000000 -215.488 16.0656 131.487 0.0662424 0.977316 0.0152801 0.200581
0000000260.000000 -214.528 16.0435 129.291 0.0674402 0.976334 0.0167895 0.204799
0000000261.000000 -213.561 16.0224 127.107 0.0678604 0.975181 0.0157447 0.210162
0000000262.000000 -212.552 16.0013 124.92 0.0663372 0.974234 0.0181874 0.214795
0000000263.000000 -211.535 15.9908 122.747 0.0697159 0.972877 0.0190599 0.219743
0000000264.000000 -210.5 15.9806 120.601 0.0705371 0.971594 0.0193586 0.225067
0000000265.000000 -209.421 15.9694 118.449 0.0680106 0.97057 0.0196767 0.230175
0000000266.000000 -208.325 15.9552 116.309 0.0705422 0.969378 0.0170012 0.234609
0000000267.000000 -207.222 15.9326 114.166 0.0725841 0.968249 0.0161285 0.238674
0000000268.000000 -206.074 15.9001 112 0.0725841 0.968249 0.0161285 0.238674
0000000269.000000 -204.918 15.8641 109.822 0.0737469 0.967126 0.0176268 0.24273
0000000270.000000 -203.756 15.835 107.656 0.07652 0.965931 0.0146927 0.24679
0000000271.000000 -202.558 15.7908 105.489 0.0753993 0.964947 0.0128946 0.251048
0000000272.000000 -201.319 15.7303 103.324 0.0722495 0.964196 0.0111142 0.254917
0000000273.000000 -200.066 15.6645 101.178 0.0715992 0.963052 0.0120792 0.259344
0000000274.000000 -198.793 15.5999 99.0149 0.0715992 0.963052 0.0120792 0.259344
0000000275.000000 -198.152 15.5704 97.9307 0.0715992 0.963052 0.0120792 0.259344
0000000276.000000 -196.875 15.5033 95.7762 0.0705982 0.96184 0.0131775 0.264019
0000000277.000000 -195.6 15.4435 93.6133 0.0719478 0.96051 0.01098 0.268558
0000000278.000000 -193.571 15.3396 90.3332 0.071282 0.958695 0.0127985 0.275061
0000000279.000000 -192.201 15.2687 88.1671 0.06768 0.957868 0.0116551 0.278876
0000000280.000000 -190.79 15.1974 85.9886 0.0642589 0.957362 0.00860718 0.281524
0000000281.000000 -189.367 15.1167 83.7969 0.0642589 0.957362 0.00860718 0.281524
0000000282.000000 -187.965 15.0397 81.6145 0.0642589 0.957362 0.00860718 0.281524
0000000283.000000 -186.525 14.9629 79.4281 0.0642589 0.957362 0.00860718 0.281524
0000000284.000000 -185.097 14.8849 77.2276 0.0642589 0.957362 0.00860718 0.281524
0000000285.000000 -183.652 14.8108 75.0188 0.0642589 0.957362 0.00860718 0.281524
0000000286.000000 -182.207 14.7391 72.806 0.0598881 0.957581 0.00999124 0.281694
0000000287.000000 -180.782 14.6652 70.5993 0.0598881 0.957581 0.00999124 0.281694
0000000288.000000 -179.379 14.593 68.3699 0.0693597 0.957299 0.0112834 0.280428
0000000289.000000 -177.984 14.5173 66.1397 0.0751467 0.957229 0.01373 0.279064
0000000290.000000 -176.605 14.4482 63.9354 0.0751467 0.957229 0.01373 0.279064
0000000291.000000 -175.195 14.3798 61.7415 0.0751467 0.957229 0.01373 0.279064
0000000292.000000 -173.784 14.3017 59.5434 0.0751467 0.957229 0.01373 0.279064
0000000293.000000 -172.379 14.2271 57.3254 0.0751467 0.957229 0.01373 0.279064
0000000294.000000 -170.991 14.1466 55.1258 0.0751467 0.957229 0.01373 0.279064
0000000295.000000 -169.596 14.0808 52.9376 0.0751467 0.957229 0.01373 0.279064
0000000296.000000 -168.217 14.017 50.7734 0.0751467 0.957229 0.01373 0.279064
